0.2
0.2
0.2
0.2
0.2
0.2
0.2
0.2
0.2
0.2
0.2
0.2
0.2
0.2
0.2
0.2
0.2
0.2
0.2
0.2
0.2
0.2
0.2
0.2
0.2
0.2
0.2
0.2
0.2
0.2
0.2
0.2
0.2
0.2
0.2
0.2
0.2
0.2
0.2
0.2
0.2
0.2
0.2
0.2
0.2
0.2
0.2
0.2
0.2
0.2
0.2
0.2
0.2
0.2
0.2
0.2
0.2
0.2
0.2
0.2
0.2
0.2
0.2
0.2
0.2
0.2
0.2
0.2
0.2
0.2
0.2
0.2
0.2
0.2
0.2
0.2
0.2
0.2
0.2
0.2
0.2
0.2
0.2
0.2
0.2
0.2
0.2
0.2
0.2
0.2
0.2
0.2
0.2
0.2
0.2
0.2
0.2
0.2
0.2
0.2
0.2
0.2
0.2
0.2
0.2
0.2
0.2
0.2
0.2
0.2
0.2
0.2
0.2
0.2
0.2
0.2
0.2
0.2
0.2
0.2
0.2
0.2
0.2
0.2
0.2
0.2
0.2
0.2
0.2
0.2
0.2
0.2
0.2
0.2
0.2
0.2
0.2
0.2
0.2
0.2
0.18346024049999993
0.16827766770065228
0.15424591851826736
0.1411798624450239
0.12962397340215787
0.11866420163901881
0.10853072380980266
0.0996505231975639
0.09141156741537398
0.08355136096802829
0.07690493396326104
0.07047979589789949
0.06456936021390164
0.05923735174758138
0.0542959495768533
0.049769106224807624
0.04559021846051142
0.041812407802890306
0.03833069905824549
0.03513113029425807
0.032211267879328764
0.029524034803678767
0.02703087775849211
0.024808986910780095
0.02274641735699162
0.02084843928977731
0.01911212393251649
0.017517594654795632
0.016048534175649165
0.014710856755040524
0.013490734618063216
0.012346743964963824
0.011320547427001726
0.010379427867342195
0.009515864684441766
0.008722493740173365
0.007999298700434865
0.007331471268953171
0.006720046726668427
0.006158208820026823
0.005647476247381267
0.005174943438548407
0.004741481119984459
0.004350142987600281
0.003987122467749293
0.003658208786894712
0.003351174418003977
0.003073899084451992
0.0028130549244184677
0.002580164927313555
0.002365139142601058
0.0021672680542222933
0.0019881493149462304
0.0018238302651779614
0.0016717223651044333
0.0015314005015404364
0.0014033528314541521
0.001286211813068816
0.0011804964596034973
0.001082021510812048
0.0009910010498065391
0.0009084476918319595
0.0008325037359141474
0.0007634288196858852
0.0007004178879613243
0.0006411385453272689
0.0005875236550434426
0.0005392325903286199
0.0004937700254462052
0.00045245357168210987
0.0004155549660220248
0.00038087908577094653
0.00034915680935443394
0.000319690070458567
0.00029301385221919274
0.0002685484408676553
0.00024628208324994905
0.0002250462874806014
0.0002071308026269092
0.00018988535143149576
0.0001739708227713188
0.00015921087721110228
0.00014570513830358678
0.0001338267818873362
0.00012231941839330185
0.00011247802641306537
0.00010289925708617531
9.448268952716443e-05
8.670702424273813e-05
7.927081307618211e-05
7.279232660667434e-05
6.660299543631565e-05
6.112411647635208e-05
5.60301701385546e-05
5.1445781757974984e-05
4.7062433953526384e-05
4.31099425005077e-05
3.952843325022437e-05
3.620754086969269e-05
3.329824685704974e-05
3.0490696932006234e-05
2.793518777272075e-05
2.5575614202300034e-05
2.3489379446239855e-05
2.150736909789508e-05
1.9721816561790728e-05
1.807732772834969e-05
1.6513968791043165e-05
1.5167564273166345e-05
1.3924847851176647e-05
1.276167746033785e-05
1.1673224418473627e-05
1.0747135024968824e-05
9.817929670363768e-06
8.979468658631973e-06
8.25873611887129e-06
7.529743675793732e-06
6.922166776168748e-06
6.3458894872248095e-06
5.831599565464529e-06
5.328650345137742e-06
4.884033102392493e-06
4.49194536705777e-06
4.119546251346584e-06
3.7758597271064787e-06
3.4599561987702643e-06
3.170369974880849e-06
2.8973963725476004e-06
2.6651200732419333e-06
2.4398547968096373e-06
2.241631239796593e-06
2.055627404407012e-06
1.8835734463817921e-06
1.7239024591164664e-06
1.580938366330109e-06
1.451315253531149e-06
1.3302345652776992e-06
1.216526447078703e-06
1.1176347081143234e-06
1.0259556945668713e-06
9.382559759685272e-07
0.0
0.0
0.0
0.0
0.0
0.0
0.0
0.0
0.0
0.0
0.0
0.0
0.0
0.0
0.0
0.0
0.0
0.0
0.0
0.0
0.0
0.0
0.0
0.0
0.0
0.0
0.0
0.0
0.0
0.0
0.0
0.0
0.0
0.0
0.0
0.0
0.0
0.0
0.0
0.0
0.0
0.0
0.0
0.0
0.0
0.0
0.0
0.0
0.0
0.0
0.0
0.0
0.0
0.0
0.0
0.0
0.0
0.0
0.0
0.0
0.0
0.0
0.0
0.0
0.0
0.0
0.0
0.0
0.0
0.0
0.0
0.0
0.0
0.0
0.0
0.0
0.0
0.0
0.0
0.0
0.0
0.0
0.0
0.0
0.0
0.0
0.0
0.0
0.0
0.0
0.0
0.0
0.0
0.0
0.0
0.0
0.0
0.0
0.0
0.0
0.0
0.0
0.0
0.0
0.0
0.0
0.0
0.0
0.0
0.0
0.0
0.0
0.0
0.0
0.0
0.0
0.0
0.0
0.0
0.0
0.0
0.0
0.0
0.0
0.0
0.0
0.0
0.0
0.0
0.0
0.0
0.0
0.0
0.0
0.0
0.0
0.0
0.0
0.0
0.0
0.0
0.0
0.0
0.0
0.0
0.0
0.0
0.0
0.0
0.0
0.0
0.0
0.0
0.0
0.0
0.0
0.0
0.0
0.0
0.0
0.0
0.0
0.0
0.0
0.0
0.0
0.0
0.0
0.0
0.0
0.0
0.0
0.0
0.0
0.0
0.0
0.0
0.0
0.0
0.0
0.0
0.0
0.0
0.0
0.0
0.0
0.0
0.0
0.0
0.0
0.0
0.0
0.0
0.0
0.0
0.0
0.0
0.0
0.0
0.0
0.0
0.0
0.0
0.0
0.0
0.0
0.0
0.0
0.0
0.0
0.0
0.0
0.0
0.0
0.0
0.0
0.0
0.0
0.0
0.0
0.0
0.0
0.0
0.0
0.0
0.0
0.0
0.0
0.2
0.2
0.2
0.2
0.2
0.2
0.2
0.2
0.2
0.2
0.2
0.2
0.2
0.2
0.2
0.2
0.2
0.2
0.2
0.2
0.2
0.2
0.2
0.2
0.2
0.2
0.2
0.2
0.2
0.2
0.2
0.2
0.2
0.2
0.2
0.2
0.2
0.2
0.2
0.2
0.2
0.2
0.2
0.2
0.2
0.2
0.2
0.2
0.2
0.2
0.2
0.2
0.2
0.2
0.2
0.2
0.2
0.2
0.2
0.2
0.2
0.2
0.2
0.2
0.2
0.2
0.2
0.2
0.2
0.2
0.2
0.2
0.2
0.2
0.2
0.2
0.2
0.2
0.2
0.2
0.2
0.2
0.2
0.2
0.2
0.2
0.2
0.2
0.2
0.2
0.2
0.2
0.2
0.2
0.2
0.2
0.2
0.2
0.2
0.2
0.2
0.2
0.2
0.2
0.2
0.2
0.2
0.2
0.2
0.2
0.2
0.2
0.2
0.2
0.2
0.2
0.2
0.2
0.2
0.2
0.2
0.2
0.2
0.2
0.2
0.2
0.2
0.2
0.2
0.2
0.2
0.2
0.2
0.2
0.2
0.2
0.2
0.2
0.19991409301504476
0.18347300856981053
0.1678091380680219
0.15406384961667574
0.14088542050036346
0.12953410606394766
0.11865952355879117
0.10881045678978601
0.09975103417059872
0.09153264621637097
0.08383376669367781
0.07689771734058104
0.07042677442641337
0.06462522802952675
0.05920095798382485
0.05420149628308141
0.049750049346747593
0.04562136737656208
0.04167627103804139
0.03831562157036894
0.035129198691543906
0.03211561412273356
0.02948075279327944
0.02702675282021838
0.02476982301578695
0.022718931209739224
0.020822104924119178
0.019057884412593817
0.017462768074096857
0.016051518837889855
0.0147086367332816
0.013468452323780467
0.012363891080262035
0.011296272176461175
0.010374106645477943
0.009489345773170954
0.008725078609277681
0.007997932739254865
0.0073260544025990915
0.006696671237362284
0.0061512139717401215
0.005643515852946368
0.005182886445516122
0.004746830773033617
0.0043400807776333705
0.003974632955916768
0.0036508931397100097
0.00335122509263458
0.0030639002690630024
0.0028151736111972636
0.0025776180082295874
0.0023633560889149696
0.0021598994899338364
0.001984741360848974
0.001821215046832192
0.0016705955541188033
0.0015313217616128028
0.0014032569398594874
0.0012841313009073763
0.0011801914661827007
0.0010765798048870123
0.00098843779395702
0.0009052565527353784
0.0008234154762010171
0.0007615078070385972
0.0006961354078360849
0.0006384461444874923
0.0005852520886215351
0.000535870565766261
0.0004913153396407521
0.00045263408417928197
0.00041433592220752047
0.0003805816319690791
0.0003484366607336975
0.00031942521459715767
0.00029321286206224206
0.00026840646750625474
0.0002462897074823056
0.00022561596471903922
0.000207068583895631
0.00018952299032704012
0.00017376609629221607
0.00015897560403266286
0.00014597541375699352
0.00013382974841852358
0.0001227381061569277
0.0001125645286448318
0.00010306610858878962
9.44201246380616e-05
8.667259933620164e-05
7.945779903900663e-05
7.286379494125805e-05
6.677595201010078e-05
6.121518460661113e-05
5.609883478113753e-05
5.136672977079648e-05
4.719725379020989e-05
4.3226513430916214e-05
3.962355111658544e-05
3.630180986674558e-05
3.3286962708156675e-05
3.047478023765482e-05
2.796132702542753e-05
2.5602222873954972e-05
2.3499365096602e-05
2.1526135159100068e-05
1.9754157528084626e-05
1.8091711831424995e-05
1.6590778188496635e-05
1.5202001517056196e-05
1.3954179426955982e-05
1.278346563549082e-05
1.1716292336594325e-05
1.07388840808742e-05
9.841075785665954e-06
9.03082065184524e-06
8.263785642170784e-06
7.58855791510582e-06
6.953202109361012e-06
6.373322453956387e-06
5.842496393348995e-06
5.35537679591247e-06
4.9085254949510215e-06
4.502189164534709e-06
4.121648378707654e-06
3.7796793345146185e-06
3.4654037223136314e-06
3.174410306283626e-06
2.9123738459757575e-06
2.668420314155817e-06
2.4497706208048697e-06
2.2435685281818607e-06
2.056557556195937e-06
1.8849177765845049e-06
1.7294997087247133e-06
1.5854535692638727e-06
1.452001978652362e-06
1.3308378585263902e-06
1.219279713027266e-06
1.1191570353785707e-06
1.0260286209540226e-06
9.405081094482348e-07
0.0
0.0
0.0
0.0
0.0
0.0
0.0
0.0
0.0
0.0
0.0
0.0
0.0
0.0
0.0
0.0
0.0
0.0
0.0
0.0
0.0
0.0
0.0
0.0
0.0
0.0
0.0
0.0
0.0
0.0
0.0
0.0
0.0
0.0
0.0
0.0
0.0
0.0
0.0
0.0
0.0
0.0
0.0
0.0
0.0
0.0
0.0
0.0
0.0
0.0
0.0
0.0
0.0
0.0
0.0
0.0
0.0
0.0
0.0
0.0
0.0
0.0
0.0
0.0
0.0
0.0
0.0
0.0
0.0
0.0
0.0
0.0
0.0
0.0
0.0
0.0
0.0
0.0
0.0
0.0
0.0
0.0
0.0
0.0
0.0
0.0
0.0
0.0
0.0
0.0
0.0
0.0
0.0
0.0
0.0
0.0
0.0
0.0
0.0
0.0
0.0
0.0
0.0
0.0
0.0
0.0
0.0
0.0
0.0
0.0
0.0
0.0
0.0
0.0
0.0
0.0
0.0
0.0
0.0
0.0
0.0
0.0
0.0
0.0
0.0
0.0
0.0
0.0
0.0
0.0
0.0
0.0
0.0
0.0
0.0
0.0
0.0
0.0
0.0
0.0
0.0
0.0
0.0
0.0
0.0
0.0
0.0
0.0
0.0
0.0
0.0
0.0
0.0
0.0
0.0
0.0
0.0
0.0
0.0
0.0
0.0
0.0
0.0
0.0
0.0
0.0
0.0
0.0
0.0
0.0
0.0
0.0
0.0
0.0
0.0
0.0
0.0
0.0
0.0
0.0
0.0
0.0
0.0
0.0
0.0
0.0
0.0
0.0
0.0
0.0
0.0
0.0
0.0
0.0
0.0
0.0
0.0
0.0
0.0
0.0
0.0
0.0
0.0
0.0
0.0
0.0
0.0
0.0
0.0
0.0
0.0
0.0
0.0
0.0
0.0
0.0
0.0
0.0
0.0
0.0
0.0
0.0
0.0
0.0
0.2
0.2
0.2
0.2
0.2
0.2
0.2
0.2
0.2
0.2
0.2
0.2
0.2
0.2
0.2
0.2
0.2
0.2
0.2
0.2
0.2
0.2
0.2
0.2
0.2
0.2
0.2
0.2
0.2
0.2
0.2
0.2
0.2
0.2
0.2
0.2
0.2
0.2
0.2
0.2
0.2
0.2
0.2
0.2
0.2
0.2
0.2
0.2
0.2
0.2
0.2
0.2
0.2
0.2
0.2
0.2
0.2
0.2
0.2
0.2
0.2
0.2
0.2
0.2
0.2
0.2
0.2
0.2
0.2
0.2
0.2
0.2
0.2
0.2
0.2
0.2
0.2
0.2
0.2
0.2
0.2
0.2
0.2
0.2
0.2
0.2
0.2
0.2
0.2
0.2
0.2
0.2
0.2
0.2
0.2
0.2
0.2
0.2
0.2
0.2
0.2
0.2
0.2
0.2
0.2
0.2
0.2
0.2
0.2
0.2
0.2
0.2
0.2
0.2
0.2
0.2
0.2
0.2
0.2
0.2
0.2
0.2
0.2
0.2
0.2
0.2
0.2
0.2
0.2
0.2
0.2
0.2
0.2
0.2
0.2
0.2
0.2
0.2
0.19820912998165904
0.18230477983975368
0.168145031316871
0.15415502842133746
0.1405967853617139
0.12927206614435832
0.11809109891749117
0.10884480205451076
0.09930262315925972
0.09112554890352126
0.08357361016374092
0.07572393793576107
0.06956360646419277
0.06337481065154044
0.05733444654246353
0.05399986094130045
0.04807256620511791
0.04501870836439184
0.04166937273548875
0.038289017897920365
0.03509949484577238
0.032143538238112994
0.02949461343994019
0.02697962249923989
0.02475217812081179
0.02272391045095201
0.020756570860741046
0.018809884727723068
0.0174540917959384
0.015948763649007675
0.01428126458884221
0.013448556183517667
0.012257027587843479
0.011282921770104357
0.01035755858259627
0.009438172510301752
0.008717273096254047
0.007990701459595736
0.007324452773278734
0.006706754204214335
0.006147955827365657
0.0056422710906786164
0.00514985035875522
0.004685341581174118
0.004327069909159644
0.003950851744960451
0.0035934418927067186
0.0033289196513815998
0.0030452982020978056
0.0027864973410169926
0.002576467193812235
0.002353207937951506
0.0021653372349014753
0.0019835014165989037
0.00181802334804205
0.0016674460232923613
0.0015281463319229238
0.0014005747659519294
0.001280846985730451
0.0011660193736722241
0.001069589862975014
0.0009871268937913537
0.0009067187451860482
0.0008145285701292406
0.0007576921919309969
0.000690604232921622
0.0006327593950235488
0.0005818735172354875
0.0005329504661716118
0.0004846664863129494
0.0004514515650064138
0.0004136770336107291
0.0003797926443686406
0.00033929696881861957
0.000316148942066576
0.00028889745731163884
0.00026423254799636393
0.00024398123705296094
0.00022401869284737315
0.00020393177672998062
0.00018812721698234448
0.00017118744329501238
0.00015697580412764127
0.00014571012159288757
0.00013366444797853542
0.0001225199076336641
0.00011229194574447365
0.0001029510525297273
9.4278996615084e-05
8.651005374781529e-05
7.929122231287672e-05
7.269496590413473e-05
6.650707953770844e-05
6.103672260483924e-05
5.5943666031510525e-05
5.1320313639699054e-05
4.69806807484333e-05
4.3053824038441916e-05
3.947403860223189e-05
3.624054246717082e-05
3.317929478485358e-05
3.045273654993238e-05
2.7917652816745245e-05
2.558248772631728e-05
2.3440434114853503e-05
2.14733656249248e-05
1.967531482769927e-05
1.8053793431500014e-05
1.6560212172953124e-05
1.516972567775425e-05
1.3896932599359236e-05
1.275089429343781e-05
1.1693159795950557e-05
1.0703731386662967e-05
9.824433259677995e-06
8.994946535135624e-06
8.256038662118739e-06
7.557788340934105e-06
6.927863687745192e-06
6.343978140248133e-06
5.8243206868603646e-06
5.3377889850078555e-06
4.892925640975035e-06
4.489675174276751e-06
4.111481785104277e-06
3.7647389408893617e-06
3.4554430484637064e-06
3.1689626402852333e-06
2.902875938751488e-06
2.658583688408492e-06
2.4384755569710804e-06
2.237175138508417e-06
2.0499526626933044e-06
1.8800884601820071e-06
1.7103677093394587e-06
1.5778283224001316e-06
1.4488270510469555e-06
1.3278474568379979e-06
1.2164420510956212e-06
1.1158809155058026e-06
1.0209018772621717e-06
9.361920335459661e-07
0.0
0.0
0.0
0.0
0.0
0.0
0.0
0.0
0.0
0.0
0.0
0.0
0.0
0.0
0.0
0.0
0.0
0.0
0.0
0.0
0.0
0.0
0.0
0.0
0.0
0.0
0.0
0.0
0.0
0.0
0.0
0.0
0.0
0.0
0.0
0.0
0.0
0.0
0.0
0.0
0.0
0.0
0.0
0.0
0.0
0.0
0.0
0.0
0.0
0.0
0.0
0.0
0.0
0.0
0.0
0.0
0.0
0.0
0.0
0.0
0.0
0.0
0.0
0.0
0.0
0.0
0.0
0.0
0.0
0.0
0.0
0.0
0.0
0.0
0.0
0.0
0.0
0.0
0.0
0.0
0.0
0.0
0.0
0.0
0.0
0.0
0.0
0.0
0.0
0.0
0.0
0.0
0.0
0.0
0.0
0.0
0.0
0.0
0.0
0.0
0.0
0.0
0.0
0.0
0.0
0.0
0.0
0.0
0.0
0.0
0.0
0.0
0.0
0.0
0.0
0.0
0.0
0.0
0.0
0.0
0.0
0.0
0.0
0.0
0.0
0.0
0.0
0.0
0.0
0.0
0.0
0.0
0.0
0.0
0.0
0.0
0.0
0.0
0.0
0.0
0.0
0.0
0.0
0.0
0.0
0.0
0.0
0.0
0.0
0.0
0.0
0.0
0.0
0.0
0.0
0.0
0.0
0.0
0.0
0.0
0.0
0.0
0.0
0.0
0.0
0.0
0.0
0.0
0.0
0.0
0.0
0.0
0.0
0.0
0.0
0.0
0.0
0.0
0.0
0.0
0.0
0.0
0.0
0.0
0.0
0.0
0.0
0.0
0.0
0.0
0.0
0.0
0.0
0.0
0.0
0.0
0.0
0.0
0.0
0.0
0.0
0.0
0.0
0.0
0.0
0.0
0.0
0.0
0.0
0.0
0.0
0.0
0.0
0.0
0.0
0.0
0.0
0.0
0.0
0.0
0.0
0.0
0.0
0.0
0.0
0.0
0.0
0.2
0.2
0.2
0.2
0.2
0.2
0.2
0.2
0.2
0.2
0.2
0.2
0.2
0.2
0.2
0.2
0.2
0.2
0.2
0.2
0.2
0.2
0.2
0.2
0.2
0.2
0.2
0.2
0.2
0.2
0.2
0.2
0.2
0.2
0.2
0.2
0.2
0.2
0.2
0.2
0.2
0.2
0.2
0.2
0.2
0.2
0.2
0.2
0.2
0.2
0.2
0.2
0.2
0.2
0.2
0.2
0.2
0.2
0.2
0.2
0.2
0.2
0.2
0.2
0.2
0.2
0.2
0.2
0.2
0.2
0.2
0.2
0.2
0.2
0.2
0.2
0.2
0.2
0.2
0.2
0.2
0.2
0.2
0.2
0.2
0.2
0.2
0.2
0.2
0.2
0.2
0.2
0.2
0.2
0.2
0.2
0.2
0.2
0.2
0.2
0.2
0.2
0.2
0.2
0.2
0.2
0.2
0.2
0.2
0.2
0.2
0.2
0.2
0.2
0.2
0.2
0.2
0.2
0.2
0.2
0.2
0.2
0.2
0.2
0.2
0.2
0.2
0.2
0.2
0.2
0.2
0.2
0.2
0.2
0.2
0.2
0.2
0.2
0.19989395033692564
0.18279602129496839
0.16786547077071956
0.15382591622379907
0.1409385347885696
0.12943939496987905
0.1185845425880784
0.10867671511650225
0.09971857499704383
0.09135163835198049
0.08366738975086754
0.07670636750787803
0.07041583172133307
0.06447336926657687
0.059085684400535216
0.05415699295061237
0.04965226843400282
0.0455162220604103
0.041730342016227315
0.03811869577751284
0.03477597204806513
0.031771762762782534
0.02927779853003076
0.02703700758065023
0.02476253283644668
0.022696799012811332
0.02082503939183504
0.019082040863608162
0.01746878793059178
0.016036705430445188
0.014668249255134307
0.013478045508206603
0.012349303000549577
0.011315749697205585
0.010345475081550181
0.009514557559430743
0.008688605953620126
0.007987474551894354
0.007314599731272666
0.006693096478609817
0.006156696667350453
0.005620974785192787
0.005167541991223818
0.0047411500151337575
0.004346156510363018
0.003986740232349621
0.0036504128462404558
0.0033493706087646966
0.003067633275954382
0.0028132582225390357
0.0025798140552342713
0.002363237375391742
0.002166662699698597
0.001986524196184133
0.0018216849015410957
0.0016696666627721607
0.0015304995331885112
0.0014033211439795096
0.0012861097979202452
0.0011767640998468813
0.0010799402439031374
0.0009907010017591506
0.0009074397651441008
0.0008317409130763332
0.0007628334657159201
0.0006917635137578615
0.000640371020523507
0.000586931418490149
0.0005380473679729701
0.0004938618420205824
0.0004521915083076051
0.0004145582091725818
0.00038005494398158236
0.00034867390227096413
0.0003196306737391161
0.00029299369298863855
0.00026862079289226813
0.0002459689416005863
0.00022554527948832746
0.00020614748327134005
0.0001892651382026856
0.00017368317595598307
0.00015934041928563166
0.0001459334765719214
0.0001337949853743323
0.0001226896005378666
0.00011248234720398508
0.00010305463927314467
9.454492819888015e-05
8.66608975451232e-05
7.943983492677421e-05
7.270726919685661e-05
6.67358757082097e-05
6.119132568265644e-05
5.597211879638662e-05
5.125911247043497e-05
4.706928232057581e-05
4.318291288723822e-05
3.9600037400735693e-05
3.626748635328921e-05
3.3231453468830913e-05
3.047226250305864e-05
2.7957714255519547e-05
2.559545514722911e-05
2.349375479931842e-05
2.1518311794224133e-05
1.974206660844766e-05
1.80972859420755e-05
1.6565875508381137e-05
1.517075545363867e-05
1.3934858482549482e-05
1.2776777682362429e-05
1.1700113763215407e-05
1.0735021104377568e-05
9.835576626132064e-06
9.020659760355843e-06
8.259140173721458e-06
7.572797345501665e-06
6.945762152500879e-06
6.370764178472003e-06
5.835457532997301e-06
5.352662412872307e-06
4.901189425330336e-06
4.49398267901092e-06
4.119829398863334e-06
3.776909219107087e-06
3.4436904590262364e-06
3.167125095495802e-06
2.890640617129742e-06
2.63233875286595e-06
2.4451748609455863e-06
2.2418194423485772e-06
2.0552591515415715e-06
1.882833698838906e-06
1.7228521437001574e-06
1.5826580654987247e-06
1.44863620652607e-06
1.3287325877126906e-06
1.214594455107085e-06
1.116844197009319e-06
1.0196424544337406e-06
0.0
0.0
0.0
0.0
0.0
0.0
0.0
0.0
0.0
0.0
0.0
0.0
0.0
0.0
0.0
0.0
0.0
0.0
0.0
0.0
0.0
0.0
0.0
0.0
0.0
0.0
0.0
0.0
0.0
0.0
0.0
0.0
0.0
0.0
0.0
0.0
0.0
0.0
0.0
0.0
0.0
0.0
0.0
0.0
0.0
0.0
0.0
0.0
0.0
0.0
0.0
0.0
0.0
0.0
0.0
0.0
0.0
0.0
0.0
0.0
0.0
0.0
0.0
0.0
0.0
0.0
0.0
0.0
0.0
0.0
0.0
0.0
0.0
0.0
0.0
0.0
0.0
0.0
0.0
0.0
0.0
0.0
0.0
0.0
0.0
0.0
0.0
0.0
0.0
0.0
0.0
0.0
0.0
0.0
0.0
0.0
0.0
0.0
0.0
0.0
0.0
0.0
0.0
0.0
0.0
0.0
0.0
0.0
0.0
0.0
0.0
0.0
0.0
0.0
0.0
0.0
0.0
0.0
0.0
0.0
0.0
0.0
0.0
0.0
0.0
0.0
0.0
0.0
0.0
0.0
0.0
0.0
0.0
0.0
0.0
0.0
0.0
0.0
0.0
0.0
0.0
0.0
0.0
0.0
0.0
0.0
0.0
0.0
0.0
0.0
0.0
0.0
0.0
0.0
0.0
0.0
0.0
0.0
0.0
0.0
0.0
0.0
0.0
0.0
0.0
0.0
0.0
0.0
0.0
0.0
0.0
0.0
0.0
0.0
0.0
0.0
0.0
0.0
0.0
0.0
0.0
0.0
0.0
0.0
0.0
0.0
0.0
0.0
0.0
0.0
0.0
0.0
0.0
0.0
0.0
0.0
0.0
0.0
0.0
0.0
0.0
0.0
0.0
0.0
0.0
0.0
0.0
0.0
0.0
0.0
0.0
0.0
0.0
0.0
0.0
0.0
0.0
0.0
0.0
0.0
0.0
0.0
0.0
0.0
0.0
0.0
0.0
0.2
0.2
0.2
0.2
0.2
0.2
0.2
0.2
0.2
0.2
0.2
0.2
0.2
0.2
0.2
0.2
0.2
0.2
0.2
0.2
0.2
0.2
0.2
0.2
0.2
0.2
0.2
0.2
0.2
0.2
0.2
0.2
0.2
0.2
0.2
0.2
0.2
0.2
0.2
0.2
0.2
0.2
0.2
0.2
0.2
0.2
0.2
0.2
0.2
0.2
0.2
0.2
0.2
0.2
0.2
0.2
0.2
0.2
0.2
0.2
0.2
0.2
0.2
0.2
0.2
0.2
0.2
0.2
0.2
0.2
0.2
0.2
0.2
0.2
0.2
0.2
0.2
0.2
0.2
0.2
0.2
0.2
0.2
0.2
0.2
0.2
0.2
0.2
0.2
0.2
0.2
0.2
0.2
0.2
0.2
0.2
0.2
0.2
0.2
0.2
0.2
0.2
0.2
0.2
0.2
0.2
0.2
0.2
0.2
0.2
0.2
0.2
0.2
0.2
0.2
0.2
0.2
0.2
0.2
0.2
0.2
0.2
0.2
0.2
0.2
0.2
0.2
0.2
0.2
0.2
0.2
0.2
0.2
0.2
0.2
0.2
0.2
0.2
0.19714332056883582
0.17473112056897888
0.1660657844850913
0.14928438925185306
0.13370471968308872
0.12195421409853524
0.11362272903112591
0.1037193456096569
0.09479652588593346
0.08673678076685898
0.08006646211558777
0.07287457222256322
0.06709709641603251
0.06097575987987769
0.054790330007691845
0.04734310507485129
0.04442115047314232
0.041172248274697065
0.03774442356673319
0.03290858861096979
0.03101987421197966
0.028472599691393707
0.026372275666271816
0.02422125396691066
0.022184397830590508
0.02033322075362859
0.01856715344855764
0.017083066948058723
0.015673022060641584
0.014366518941674733
0.013162331690510232
0.012074797325171693
0.011015882880250905
0.01013032707139594
0.009278667916601535
0.008441595210177677
0.0077593644788848115
0.007036835736708991
0.00655404547365207
0.006006507406695616
0.005509853335268766
0.0050504638035903104
0.004614315850442752
0.004237237419883744
0.003881627258829068
0.0034872519885209563
0.0032207161711678145
0.002934714159632812
0.002526647291488382
0.0023396766523794965
0.002072070339663723
0.0018813703147593785
0.001811322150545025
0.0016185183753011922
0.0014797988070214263
0.0013028019214633701
0.0012314071782706937
0.0011018504227672254
0.0009853131623907552
0.0008773877398693397
0.000835396495720564
0.0007099390421444474
0.0005921936978983688
0.0005429349324290178
0.0005062643740258443
0.00046266221973900734
0.0004004611506730482
0.00033008409677681705
0.00024752222272661495
0.0002007515334559451
0.00017788573304394761
0.00016252023025242757
0.00014692393572629525
0.00013326935165119957
0.00012000818842339278
0.00010918838293627608
9.892773221498175e-05
9.135000384519198e-05
8.242191517349173e-05
7.37617320314965e-05
6.656141054106612e-05
5.866739995891157e-05
5.1508436616221065e-05
4.673779727876193e-05
4.1919607977891626e-05
3.902659674870357e-05
3.466246708050402e-05
3.242986280377336e-05
2.9908440889736543e-05
2.727896553783582e-05
2.4746670187481e-05
2.2471515805089215e-05
2.069595145537395e-05
1.891510105045402e-05
1.737509026822348e-05
1.5027366840891787e-05
1.3209284620563366e-05
1.2135184850881053e-05
1.1484611493195462e-05
1.0957576929426782e-05
9.876602228287013e-06
9.255652838879858e-06
8.178232372701988e-06
7.706957669273429e-06
7.000411550717178e-06
6.394688993049957e-06
5.855464837167812e-06
5.368410199713125e-06
4.888044854989282e-06
4.50286446407322e-06
4.139333581454352e-06
3.7937106106555873e-06
3.4774763785216933e-06
3.1845285522469347e-06
2.893967390449337e-06
2.628199171628154e-06
2.4149247512816885e-06
2.2285426701240674e-06
2.063940280072618e-06
1.8867515177989347e-06
1.7315133762907386e-06
1.5898902999689213e-06
1.446847074648705e-06
1.329967874164062e-06
1.2256136072696933e-06
1.1217468373625472e-06
1.0208014003532107e-06
9.427986477628103e-07
8.643740634362018e-07
7.923148692690063e-07
7.264808324358718e-07
6.632532076333852e-07
6.105729952188277e-07
5.597195915085784e-07
5.121833063226333e-07
0.0
0.0
0.0
0.0
0.0
0.0
0.0
0.0
0.0
0.0
0.0
0.0
0.0
0.0
0.0
0.0
0.0
0.0
0.0
0.0
0.0
0.0
0.0
0.0
0.0
0.0
0.0
0.0
0.0
0.0
0.0
0.0
0.0
0.0
0.0
0.0
0.0
0.0
0.0
0.0
0.0
0.0
0.0
0.0
0.0
0.0
0.0
0.0
0.0
0.0
0.0
0.0
0.0
0.0
0.0
0.0
0.0
0.0
0.0
0.0
0.0
0.0
0.0
0.0
0.0
0.0
0.0
0.0
0.0
0.0
0.0
0.0
0.0
0.0
0.0
0.0
0.0
0.0
0.0
0.0
0.0
0.0
0.0
0.0
0.0
0.0
0.0
0.0
0.0
0.0
0.0
0.0
0.0
0.0
0.0
0.0
0.0
0.0
0.0
0.0
0.0
0.0
0.0
0.0
0.0
0.0
0.0
0.0
0.0
0.0
0.0
0.0
0.0
0.0
0.0
0.0
0.0
0.0
0.0
0.0
0.0
0.0
0.0
0.0
0.0
0.0
0.0
0.0
0.0
0.0
0.0
0.0
0.0
0.0
0.0
0.0
0.0
0.0
0.0
0.0
0.0
0.0
0.0
0.0
0.0
0.0
0.0
0.0
0.0
0.0
0.0
0.0
0.0
0.0
0.0
0.0
0.0
0.0
0.0
0.0
0.0
0.0
0.0
0.0
0.0
0.0
0.0
0.0
0.0
0.0
0.0
0.0
0.0
0.0
0.0
0.0
0.0
0.0
0.0
0.0
0.0
0.0
0.0
0.0
0.0
0.0
0.0
0.0
0.0
0.0
0.0
0.0
0.0
0.0
0.0
0.0
0.0
0.0
0.0
0.0
0.0
0.0
0.0
0.0
0.0
0.0
0.0
0.0
0.0
0.0
0.0
0.0
0.0
0.0
0.0
0.0
0.0
0.0
0.0
0.0
0.0
0.0
0.0
0.0
0.0
0.0
0.2
0.2
0.2
0.2
0.2
0.2
0.2
0.2
0.2
0.2
0.2
0.2
0.2
0.2
0.2
0.2
0.2
0.2
0.2
0.2
0.2
0.2
0.2
0.2
0.2
0.2
0.2
0.2
0.2
0.2
0.2
0.2
0.2
0.2
0.2
0.2
0.2
0.2
0.2
0.2
0.2
0.2
0.2
0.2
0.2
0.2
0.2
0.2
0.2
0.2
0.2
0.2
0.2
0.2
0.2
0.2
0.2
0.2
0.2
0.2
0.2
0.2
0.2
0.2
0.2
0.2
0.2
0.2
0.2
0.2
0.2
0.2
0.2
0.2
0.2
0.2
0.2
0.2
0.2
0.2
0.2
0.2
0.2
0.2
0.2
0.2
0.2
0.2
0.2
0.2
0.2
0.2
0.2
0.2
0.2
0.2
0.2
0.2
0.2
0.2
0.2
0.2
0.2
0.2
0.2
0.2
0.2
0.2
0.2
0.2
0.2
0.2
0.2
0.2
0.2
0.2
0.2
0.2
0.2
0.2
0.2
0.2
0.2
0.2
0.2
0.2
0.2
0.2
0.2
0.2
0.2
0.2
0.2
0.2
0.2
0.2
0.2
0.2
0.2
0.18352392906173243
0.16824643324725247
0.15418254564573297
0.14133717376603377
0.12955781569577496
0.11884749779842219
0.10883527948205435
0.09982973149016472
0.09158222335083649
0.08394518174563825
0.07688669311117308
0.0703021167131565
0.06465580220936018
0.05922324374265403
0.05425293301157014
0.049763123034348156
0.04561514279539686
0.04180558274106766
0.038305274457940686
0.03516804375089111
0.03219847172059864
0.02951788455292509
0.027053665135215732
0.02479299324236267
0.022737759472799546
0.02084476141453767
0.019108304146365218
0.017514513937055
0.01605498570440067
0.014718372020796344
0.01348213179965807
0.012368541418339984
0.011334237602911856
0.010388678830892395
0.009527527479396558
0.008739055505905258
0.00800431504472121
0.007339960898169184
0.0067318543127092845
0.006170245983916911
0.005650236163132205
0.00518466235352788
0.004752698321048576
0.004356844889715217
0.003989279670595647
0.0036564131775623787
0.0033527498913735188
0.0030732252656184844
0.0028173784939503066
0.0025826415612814624
0.0023678045230071665
0.002169300808804453
0.0019893448332350405
0.0018250915930623224
0.0016715438997011445
0.0015320301596569164
0.0014042006271958174
0.0012874020274272757
0.0011802245212422235
0.0010818318584118747
0.000991532705480469
0.0009086487514473052
0.0008330709828971439
0.0007632494294110281
0.0007008806911912302
0.0006415739193046943
0.0005874550740964102
0.0005397331611523004
0.0004933779087404333
0.0004532051058991904
0.00041548654445444644
0.0003808403679722572
0.0003490070641345988
0.00032004296788207265
0.00029335986549944293
0.00026876560040217656
0.00024650717248247966
0.0002258127720991543
0.00020707471536401956
0.00018977414058207742
0.00017401828489083115
0.00015953391645256998
0.00014619428861106787
0.00013387687156696249
0.00012282710968758437
0.00011262831386166239
0.00010334315119570059
9.4632227802538e-05
8.676187833872584e-05
7.946743848880056e-05
7.288252813320018e-05
6.681316272044713e-05
6.129959020328979e-05
5.611931508414658e-05
5.1521417509803324e-05
4.717504496792868e-05
4.323448975634969e-05
3.964995063665544e-05
3.634247070449792e-05
3.3202308608870634e-05
3.0442350104631366e-05
2.7953550993109477e-05
2.5644797332635694e-05
2.3513515927109374e-05
2.1545834373859485e-05
1.9754357496737374e-05
1.810489333869958e-05
1.5687989609602937e-05
1.4726090205308129e-05
1.381868325295299e-05
1.2656766908980543e-05
1.1501789465573342e-05
1.0640293932884237e-05
9.754167594189234e-06
8.93777302918286e-06
8.19585519340471e-06
7.514226406657443e-06
6.879518487656888e-06
6.307022140661367e-06
5.779611604861401e-06
5.298289885158347e-06
4.856032356503892e-06
4.455131679126367e-06
4.080917324900124e-06
3.7380264084063697e-06
3.42941588266088e-06
3.13471931689957e-06
2.8808297788951442e-06
2.6415365342313812e-06
2.423438063559047e-06
2.2181231790208145e-06
2.0336185838076837e-06
1.8616796915171818e-06
1.7094813262175101e-06
1.5667157027277057e-06
1.4335456513525635e-06
1.3165991474828331e-06
1.2049387029811065e-06
1.1062653687554658e-06
1.0135512013009773e-06
0.0
0.0
0.0
0.0
0.0
0.0
0.0
0.0
0.0
0.0
0.0
0.0
0.0
0.0
0.0
0.0
0.0
0.0
0.0
0.0
0.0
0.0
0.0
0.0
0.0
0.0
0.0
0.0
0.0
0.0
0.0
0.0
0.0
0.0
0.0
0.0
0.0
0.0
0.0
0.0
0.0
0.0
0.0
0.0
0.0
0.0
0.0
0.0
0.0
0.0
0.0
0.0
0.0
0.0
0.0
0.0
0.0
0.0
0.0
0.0
0.0
0.0
0.0
0.0
0.0
0.0
0.0
0.0
0.0
0.0
0.0
0.0
0.0
0.0
0.0
0.0
0.0
0.0
0.0
0.0
0.0
0.0
0.0
0.0
0.0
0.0
0.0
0.0
0.0
0.0
0.0
0.0
0.0
0.0
0.0
0.0
0.0
0.0
0.0
0.0
0.0
0.0
0.0
0.0
0.0
0.0
0.0
0.0
0.0
0.0
0.0
0.0
0.0
0.0
0.0
0.0
0.0
0.0
0.0
0.0
0.0
0.0
0.0
0.0
0.0
0.0
0.0
0.0
0.0
0.0
0.0
0.0
0.0
0.0
0.0
0.0
0.0
0.0
0.0
0.0
0.0
0.0
0.0
0.0
0.0
0.0
0.0
0.0
0.0
0.0
0.0
0.0
0.0
0.0
0.0
0.0
0.0
0.0
0.0
0.0
0.0
0.0
0.0
0.0
0.0
0.0
0.0
0.0
0.0
0.0
0.0
0.0
0.0
0.0
0.0
0.0
0.0
0.0
0.0
0.0
0.0
0.0
0.0
0.0
0.0
0.0
0.0
0.0
0.0
0.0
0.0
0.0
0.0
0.0
0.0
0.0
0.0
0.0
0.0
0.0
0.0
0.0
0.0
0.0
0.0
0.0
0.0
0.0
0.0
0.0
0.0
0.0
0.0
0.0
0.0
0.0
0.0
0.0
0.0
0.0
0.0
0.0
0.0
0.0
0.0
0.0
0.0
0.2
0.2
0.2
0.2
0.2
0.2
0.2
0.2
0.2
0.2
0.2
0.2
0.2
0.2
0.2
0.2
0.2
0.2
0.2
0.2
0.2
0.2
0.2
0.2
0.2
0.2
0.2
0.2
0.2
0.2
0.2
0.2
0.2
0.2
0.2
0.2
0.2
0.2
0.2
0.2
0.2
0.2
0.2
0.2
0.2
0.2
0.2
0.2
0.2
0.2
0.2
0.2
0.2
0.2
0.2
0.2
0.2
0.2
0.2
0.2
0.2
0.2
0.2
0.2
0.2
0.2
0.2
0.2
0.2
0.2
0.2
0.2
0.2
0.2
0.2
0.2
0.2
0.2
0.2
0.2
0.2
0.2
0.2
0.2
0.2
0.2
0.2
0.2
0.2
0.2
0.2
0.2
0.2
0.2
0.2
0.2
0.2
0.2
0.2
0.2
0.2
0.2
0.2
0.2
0.2
0.2
0.2
0.2
0.2
0.2
0.2
0.2
0.2
0.2
0.2
0.2
0.2
0.2
0.2
0.2
0.2
0.2
0.2
0.2
0.2
0.2
0.2
0.2
0.2
0.2
0.2
0.2
0.2
0.2
0.2
0.2
0.2
0.2
0.2
0.18339245425330813
0.16800128837831343
0.1504372152620154
0.14077786732592742
0.12819766802763508
0.1140596635623861
0.10304931037515945
0.09323319374147225
0.08860586717802418
0.07895123898156901
0.07409782979468917
0.0682689795873004
0.06263651569546659
0.056773565575991086
0.05206976681596831
0.04526711546658944
0.042032268185726855
0.036251706947053236
0.03334124558495388
0.030103327107261935
0.0285154169450433
0.026882356604475674
0.024289983427696615
0.022748091714691658
0.0208454697019317
0.019107280633582337
0.017503620900476732
0.016058701371057048
0.014721236328529182
0.013480497407987114
0.012329549389922461
0.011215922128931573
0.010011260423409727
0.009150887008865205
0.008299403835861122
0.007508520446731742
0.007065853746667455
0.006497268010939081
0.005965307441180927
0.005481098962202856
0.005018172195231931
0.004604530533896912
0.004202957914712053
0.0038517083158660327
0.00352723077806881
0.003115661145578709
0.0029509191866669985
0.0027056041031950995
0.002487425541116925
0.0022725387141903945
0.0020800762742175113
0.0019133602409163418
0.0017559839694017006
0.0016076972691305893
0.0014699324843667379
0.0013525976961847777
0.0012394951675776661
0.0011339729156031747
0.0010399555018294267
0.0009414670360070657
0.0008646309637104026
0.0007849510779522604
0.0007224197164675279
0.0006619631194706925
0.0006001063067537178
0.0005535221545328049
0.0005098001314492377
0.000467596709917587
0.0004291320876608403
0.0003933941808938928
0.00035952658081532334
0.0003206979797324578
0.00029105121534527445
0.0002681659669882311
0.0002451112024744696
0.00022089266470547855
0.00020724111146460598
0.00019238606859492015
0.0001763320283289848
0.00016177039718065118
0.00014809424651346376
0.00013548516915333524
0.0001244360148960301
0.00011368623644126213
0.0001042961227915437
9.285897476847728e-05
8.191148009167306e-05
7.404150699599666e-05
7.001727789059917e-05
6.423434085781872e-05
5.617737914773369e-05
5.073627695738115e-05
4.776751313461463e-05
4.2536780557312186e-05
3.953243087685195e-05
3.6296849395390875e-05
3.3254878254975605e-05
3.061317297718584e-05
2.7362925224697228e-05
2.446784510955693e-05
2.2100574363006095e-05
2.0669197458282382e-05
1.8515802957602133e-05
1.708155497366343e-05
1.54719762225696e-05
1.4362705151311614e-05
1.3140521528497605e-05
1.2017611401808712e-05
1.0935182138452025e-05
1.0149369014805863e-05
9.274663795556803e-06
8.405435348645056e-06
7.818435445986166e-06
7.153194093024476e-06
6.396119701507471e-06
5.89474067034898e-06
5.505120417318974e-06
5.001152792438698e-06
4.570959880676924e-06
4.2397538414250905e-06
3.878349804415156e-06
3.5649839881577155e-06
3.2371239969669556e-06
2.960844357825814e-06
2.696620827968434e-06
2.356660536809504e-06
2.2139122166611007e-06
2.0077114896732276e-06
1.8919039555326589e-06
1.645413464879787e-06
1.5675592522301827e-06
1.4064485928175317e-06
1.2854526130368054e-06
1.1317638954094982e-06
1.0198462850193336e-06
9.585375030415065e-07
8.966157511159636e-07
8.23100656604882e-07
0.0
0.0
0.0
0.0
0.0
0.0
0.0
0.0
0.0
0.0
0.0
0.0
0.0
0.0
0.0
0.0
0.0
0.0
0.0
0.0
0.0
0.0
0.0
0.0
0.0
0.0
0.0
0.0
0.0
0.0
0.0
0.0
0.0
0.0
0.0
0.0
0.0
0.0
0.0
0.0
0.0
0.0
0.0
0.0
0.0
0.0
0.0
0.0
0.0
0.0
0.0
0.0
0.0
0.0
0.0
0.0
0.0
0.0
0.0
0.0
0.0
0.0
0.0
0.0
0.0
0.0
0.0
0.0
0.0
0.0
0.0
0.0
0.0
0.0
0.0
0.0
0.0
0.0
0.0
0.0
0.0
0.0
0.0
0.0
0.0
0.0
0.0
0.0
0.0
0.0
0.0
0.0
0.0
0.0
0.0
0.0
0.0
0.0
0.0
0.0
0.0
0.0
0.0
0.0
0.0
0.0
0.0
0.0
0.0
0.0
0.0
0.0
0.0
0.0
0.0
0.0
0.0
0.0
0.0
0.0
0.0
0.0
0.0
0.0
0.0
0.0
0.0
0.0
0.0
0.0
0.0
0.0
0.0
0.0
0.0
0.0
0.0
0.0
0.0
0.0
0.0
0.0
0.0
0.0
0.0
0.0
0.0
0.0
0.0
0.0
0.0
0.0
0.0
0.0
0.0
0.0
0.0
0.0
0.0
0.0
0.0
0.0
0.0
0.0
0.0
0.0
0.0
0.0
0.0
0.0
0.0
0.0
0.0
0.0
0.0
0.0
0.0
0.0
0.0
0.0
0.0
0.0
0.0
0.0
0.0
0.0
0.0
0.0
0.0
0.0
0.0
0.0
0.0
0.0
0.0
0.0
0.0
0.0
0.0
0.0
0.0
0.0
0.0
0.0
0.0
0.0
0.0
0.0
0.0
0.0
0.0
0.0
0.0
0.0
0.0
0.0
0.0
0.0
0.0
0.0
0.0
0.0
0.0
0.0
0.0
0.0
0.0
0.2
0.2
0.2
0.2
0.2
0.2
0.2
0.2
0.2
0.2
0.2
0.2
0.2
0.2
0.2
0.2
0.2
0.2
0.2
0.2
0.2
0.2
0.2
0.2
0.2
0.2
0.2
0.2
0.2
0.2
0.2
0.2
0.2
0.2
0.2
0.2
0.2
0.2
0.2
0.2
0.2
0.2
0.2
0.2
0.2
0.2
0.2
0.2
0.2
0.2
0.2
0.2
0.2
0.2
0.2
0.2
0.2
0.2
0.2
0.2
0.2
0.2
0.2
0.2
0.2
0.2
0.2
0.2
0.2
0.2
0.2
0.2
0.2
0.2
0.2
0.2
0.2
0.2
0.2
0.2
0.2
0.2
0.2
0.2
0.2
0.2
0.2
0.2
0.2
0.2
0.2
0.2
0.2
0.2
0.2
0.2
0.2
0.2
0.2
0.2
0.2
0.2
0.2
0.2
0.2
0.2
0.2
0.2
0.2
0.2
0.2
0.2
0.2
0.2
0.2
0.2
0.2
0.2
0.2
0.2
0.2
0.2
0.2
0.2
0.2
0.2
0.2
0.2
0.2
0.2
0.2
0.2
0.2
0.2
0.2
0.2
0.2
0.2
0.19954405589219446
0.18290208163089597
0.1680317308647192
0.15386976453993842
0.14119993579059836
0.12943219194195224
0.11865288484881013
0.10878858827730618
0.09970795041956561
0.09133951199488226
0.08369855078875713
0.07671185611098741
0.07033395568210617
0.06447130397324098
0.059042755707426176
0.05416397899990932
0.049659079620548274
0.04550816393433585
0.0417228176123849
0.038259354368881816
0.035098184779012546
0.032153955999752244
0.029465193968136814
0.027038514255922106
0.02478170410579517
0.022690202624392267
0.020797408611680657
0.019072190776423064
0.017481102797005925
0.01600789159934943
0.014689285510543947
0.013476009284523117
0.012353979906489568
0.011314129975292363
0.010381511898500196
0.00951360452690147
0.00871557008157443
0.007988148992538375
0.007320263849351174
0.006713785479634344
0.006151484125915893
0.0056452215959694714
0.005170457048446192
0.0047377776783378
0.004328244175825001
0.003981299697120481
0.0036455387778159035
0.0033415764886777152
0.003070381659405533
0.002814257329738358
0.0025801990654472353
0.002362661192141291
0.0021594498843371637
0.0019857539930291865
0.0018174156697792414
0.0016693376388997039
0.0015246991270080848
0.0014006366460929515
0.0012851096844098415
0.0011704380621610285
0.0010767500548664556
0.0009895656029244976
0.0009059695747039985
0.0008268603114413707
0.0007619745156522186
0.0006984220311746673
0.0006382664178134693
0.0005865401903479781
0.000536753339276144
0.0004931919129905812
0.00045206205010902656
0.00041472115969270627
0.0003801398431525395
0.00034836157778961004
0.00031934270999835044
0.0002910360923486071
0.0002678120670105503
0.00024566193352540557
0.0002247922152867604
0.00020611833257663646
0.0001890528682902335
0.00017375546639976255
0.00015898746760975693
0.00014553263645410088
0.00013347431156182177
0.00012249865218501025
0.00011231996355305795
0.00010278441984732997
9.425089756619184e-05
8.64460278642361e-05
7.918804097631002e-05
7.253717599382562e-05
6.649582661974996e-05
6.1051148336161e-05
5.5965877672747166e-05
5.12527391275922e-05
4.70425828719841e-05
4.297911512740341e-05
3.943961308022473e-05
3.6181191126784366e-05
3.315648877509419e-05
3.0385965729554493e-05
2.7829351345018214e-05
2.5602384034364124e-05
2.3424113998946863e-05
2.1466918009806357e-05
1.9635221030254776e-05
1.8056475627353913e-05
1.653670716985751e-05
1.5169332329935787e-05
1.3888354269009783e-05
1.2743842770416825e-05
1.168491545714092e-05
1.0714199869231979e-05
9.816248135297546e-06
9.000218519691611e-06
8.26072231518995e-06
7.5742975944138e-06
6.9334343813803064e-06
6.356359437746069e-06
5.814980358987535e-06
5.316108818220587e-06
4.899692698383316e-06
4.482096789395578e-06
4.115555396058031e-06
3.775782344783679e-06
3.461506989208869e-06
3.1612048157387954e-06
2.9053574457858986e-06
2.6600508532462097e-06
2.443452887458509e-06
2.2403567486336374e-06
2.0543052022662186e-06
1.8823105535128238e-06
1.7231169619163642e-06
1.5788033273735916e-06
1.4493035632499602e-06
1.3297548602289546e-06
1.2185235256812618e-06
1.1163807911417083e-06
1.023285238778624e-06
0.0
0.0
0.0
0.0
0.0
0.0
0.0
0.0
0.0
0.0
0.0
0.0
0.0
0.0
0.0
0.0
0.0
0.0
0.0
0.0
0.0
0.0
0.0
0.0
0.0
0.0
0.0
0.0
0.0
0.0
0.0
0.0
0.0
0.0
0.0
0.0
0.0
0.0
0.0
0.0
0.0
0.0
0.0
0.0
0.0
0.0
0.0
0.0
0.0
0.0
0.0
0.0
0.0
0.0
0.0
0.0
0.0
0.0
0.0
0.0
0.0
0.0
0.0
0.0
0.0
0.0
0.0
0.0
0.0
0.0
0.0
0.0
0.0
0.0
0.0
0.0
0.0
0.0
0.0
0.0
0.0
0.0
0.0
0.0
0.0
0.0
0.0
0.0
0.0
0.0
0.0
0.0
0.0
0.0
0.0
0.0
0.0
0.0
0.0
0.0
0.0
0.0
0.0
0.0
0.0
0.0
0.0
0.0
0.0
0.0
0.0
0.0
0.0
0.0
0.0
0.0
0.0
0.0
0.0
0.0
0.0
0.0
0.0
0.0
0.0
0.0
0.0
0.0
0.0
0.0
0.0
0.0
0.0
0.0
0.0
0.0
0.0
0.0
0.0
0.0
0.0
0.0
0.0
0.0
0.0
0.0
0.0
0.0
0.0
0.0
0.0
0.0
0.0
0.0
0.0
0.0
0.0
0.0
0.0
0.0
0.0
0.0
0.0
0.0
0.0
0.0
0.0
0.0
0.0
0.0
0.0
0.0
0.0
0.0
0.0
0.0
0.0
0.0
0.0
0.0
0.0
0.0
0.0
0.0
0.0
0.0
0.0
0.0
0.0
0.0
0.0
0.0
0.0
0.0
0.0
0.0
0.0
0.0
0.0
0.0
0.0
0.0
0.0
0.0
0.0
0.0
0.0
0.0
0.0
0.0
0.0
0.0
0.0
0.0
0.0
0.0
0.0
0.0
0.0
0.0
0.0
0.0
0.0
0.0
0.0
0.0
0.0
0.0
0.2
0.2
0.2
0.2
0.2
0.2
0.2
0.2
0.2
0.2
0.2
0.2
0.2
0.2
0.2
0.2
0.2
0.2
0.2
0.2
0.2
0.2
0.2
0.2
0.2
0.2
0.2
0.2
0.2
0.2
0.2
0.2
0.2
0.2
0.2
0.2
0.2
0.2
0.2
0.2
0.2
0.2
0.2
0.2
0.2
0.2
0.2
0.2
0.2
0.2
0.2
0.2
0.2
0.2
0.2
0.2
0.2
0.2
0.2
0.2
0.2
0.2
0.2
0.2
0.2
0.2
0.2
0.2
0.2
0.2
0.2
0.2
0.2
0.2
0.2
0.2
0.2
0.2
0.2
0.2
0.2
0.2
0.2
0.2
0.2
0.2
0.2
0.2
0.2
0.2
0.2
0.2
0.2
0.2
0.2
0.2
0.2
0.2
0.2
0.2
0.2
0.2
0.2
0.2
0.2
0.2
0.2
0.2
0.2
0.2
0.2
0.2
0.2
0.2
0.2
0.2
0.2
0.2
0.2
0.2
0.2
0.2
0.2
0.2
0.2
0.2
0.2
0.2
0.2
0.2
0.2
0.2
0.2
0.2
0.2
0.2
0.2
0.2
0.199121193817543
0.1827697596237285
0.16779479352368426
0.1532091052506271
0.1413206911366452
0.12947020925127756
0.1184022218406297
0.10856933142859321
0.09978835247203083
0.09128226857192334
0.08363724142746026
0.07678440314183049
0.07030641018640427
0.06440061882520665
0.05892577731751503
0.05417329552533018
0.04961068500754118
0.04552613808952388
0.04175767786458173
0.03821048840303959
0.035065784217205576
0.03216170609992186
0.02943506881849245
0.027023460915386877
0.024759989340857602
0.022718522029718247
0.020756556090077427
0.019043387787497645
0.017503672754723976
0.016038120822647606
0.0146893469377124
0.013423609980137974
0.012334619586946427
0.0112257218678119
0.010365284318801515
0.009478249200014499
0.008698573136254883
0.007971646427122059
0.00732658478406617
0.006706264811840723
0.006163774932419486
0.005633943003006681
0.005175278055106758
0.004740678905153506
0.004345574132824104
0.003985387950782571
0.0036504519620128573
0.003343439825879424
0.003069178292824104
0.002815180762584246
0.0025808310400043943
0.002365248416364152
0.002167667975303267
0.001987789467543799
0.0018214760922691253
0.001669325457514803
0.0015312376036757946
0.0014020095717331982
0.0012826196906359777
0.0011790125579214106
0.0010821451809162053
0.0009909601082955244
0.0009080851234791187
0.0008323365218407264
0.000763192454214523
0.0006991256893434938
0.0006411755105170669
0.0005880908267691387
0.0005394355718146837
0.0004941724769963463
0.0004526492639875257
0.00041531452523779766
0.0003804736858872837
0.00034774714667756834
0.0003191707632196894
0.0002931766185435003
0.00026870809795992434
0.0002465037394985825
0.00022578226540087565
0.00020691177877785183
0.0001896634059872504
0.00017390944143741427
0.00015954208684249016
0.00014613093913706798
0.00013404280482270936
0.00012291567701966377
0.00011263596239041718
0.00010317197879999851
9.455815029008052e-05
8.666516872951613e-05
7.953431509721831e-05
7.28198492644383e-05
6.683797172196693e-05
6.117646116021724e-05
5.61012160599228e-05
5.140871399439417e-05
4.71620843228715e-05
4.3260600779415626e-05
3.9617138906100635e-05
3.632019070193282e-05
3.329010606151206e-05
3.0517331515156343e-05
2.798278321031189e-05
2.5637000415357214e-05
2.3503021365500754e-05
2.1536341419381433e-05
1.9749395740731313e-05
1.8101525909586247e-05
1.6596510740984893e-05
1.5202748174791836e-05
1.3945534110271218e-05
1.2780593918459981e-05
1.1715970445191903e-05
1.0737634161817056e-05
9.841355785022987e-06
9.013961019821437e-06
8.281326527026511e-06
7.585450799707516e-06
6.9585872491950695e-06
6.375036625816399e-06
5.806058231971889e-06
5.335259485039767e-06
4.904409258155162e-06
4.495200063014959e-06
4.1173784975923056e-06
3.7759737073206345e-06
3.4434151974238603e-06
3.1742124406708427e-06
2.895480878395418e-06
2.410933728214104e-06
2.279793779869088e-06
2.1632405403093635e-06
1.9892748939764893e-06
1.8294416292974347e-06
1.6640902916753575e-06
1.5199526107179118e-06
1.4079583224302361e-06
1.2654866676786725e-06
1.180147621848704e-06
1.085413041668204e-06
9.500544373430841e-07
0.0
0.0
0.0
0.0
0.0
0.0
0.0
0.0
0.0
0.0
0.0
0.0
0.0
0.0
0.0
0.0
0.0
0.0
0.0
0.0
0.0
0.0
0.0
0.0
0.0
0.0
0.0
0.0
0.0
0.0
0.0
0.0
0.0
0.0
0.0
0.0
0.0
0.0
0.0
0.0
0.0
0.0
0.0
0.0
0.0
0.0
0.0
0.0
0.0
0.0
0.0
0.0
0.0
0.0
0.0
0.0
0.0
0.0
0.0
0.0
0.0
0.0
0.0
0.0
0.0
0.0
0.0
0.0
0.0
0.0
0.0
0.0
0.0
0.0
0.0
0.0
0.0
0.0
0.0
0.0
0.0
0.0
0.0
0.0
0.0
0.0
0.0
0.0
0.0
0.0
0.0
0.0
0.0
0.0
0.0
0.0
0.0
0.0
0.0
0.0
0.0
0.0
0.0
0.0
0.0
0.0
0.0
0.0
0.0
0.0
0.0
0.0
0.0
0.0
0.0
0.0
0.0
0.0
0.0
0.0
0.0
0.0
0.0
0.0
0.0
0.0
0.0
0.0
0.0
0.0
0.0
0.0
0.0
0.0
0.0
0.0
0.0
0.0
0.0
0.0
0.0
0.0
0.0
0.0
0.0
0.0
0.0
0.0
0.0
0.0
0.0
0.0
0.0
0.0
0.0
0.0
0.0
0.0
0.0
0.0
0.0
0.0
0.0
0.0
0.0
0.0
0.0
0.0
0.0
0.0
0.0
0.0
0.0
0.0
0.0
0.0
0.0
0.0
0.0
0.0
0.0
0.0
0.0
0.0
0.0
0.0
0.0
0.0
0.0
0.0
0.0
0.0
0.0
0.0
0.0
0.0
0.0
0.0
0.0
0.0
0.0
0.0
0.0
0.0
0.0
0.0
0.0
0.0
0.0
0.0
0.0
0.0
0.0
0.0
0.0
0.0
0.0
0.0
0.0
0.0
0.0
0.0
0.0
0.0
0.0
0.0
0.0
0.0
0.2
0.2
0.2
0.2
0.2
0.2
0.2
0.2
0.2
0.2
0.2
0.2
0.2
0.2
0.2
0.2
0.2
0.2
0.2
0.2
0.2
0.2
0.2
0.2
0.2
0.2
0.2
0.2
0.2
0.2
0.2
0.2
0.2
0.2
0.2
0.2
0.2
0.2
0.2
0.2
0.2
0.2
0.2
0.2
0.2
0.2
0.2
0.2
0.2
0.2
0.2
0.2
0.2
0.2
0.2
0.2
0.2
0.2
0.2
0.2
0.2
0.2
0.2
0.2
0.2
0.2
0.2
0.2
0.2
0.2
0.2
0.2
0.2
0.2
0.2
0.2
0.2
0.2
0.2
0.2
0.2
0.2
0.2
0.2
0.2
0.2
0.2
0.2
0.2
0.2
0.2
0.2
0.2
0.2
0.2
0.2
0.2
0.2
0.2
0.2
0.2
0.2
0.2
0.2
0.2
0.2
0.2
0.2
0.2
0.2
0.2
0.2
0.2
0.2
0.2
0.2
0.2
0.2
0.2
0.2
0.2
0.2
0.2
0.2
0.2
0.2
0.2
0.2
0.2
0.2
0.2
0.2
0.2
0.2
0.2
0.2
0.2
0.2
0.1997706540298272
0.18328058539303055
0.16794371182757672
0.15388396810458893
0.14104254332129557
0.12932356522124766
0.11852326932631413
0.10866779280453209
0.0997286986676385
0.09104512141730026
0.08380239096347442
0.07672389630719895
0.07013170241262634
0.06443404511232709
0.059085487787162716
0.054183401207441306
0.04967306652415765
0.04552560129229777
0.04173951018644706
0.03828469962370212
0.03504245455316357
0.032134342574108854
0.029436037895347877
0.02697377955650143
0.02475992682974909
0.02269400186495879
0.020802127746498422
0.019068816454691218
0.01749817048257274
0.01601985067298889
0.014684788357610945
0.013467896658393708
0.012339031028390235
0.011311532151842274
0.01037261559770103
0.00950736830870047
0.008712849423357372
0.007986091049048127
0.007328769850498962
0.0067202456000833855
0.006143033625127248
0.005646429251116303
0.00517605628556933
0.004744204969525934
0.00434461600361119
0.0039811389118271645
0.00365327818845379
0.0033455433869317153
0.003068021362742923
0.0028120271942477792
0.002580029326669231
0.0023623019418075875
0.0021648383036440566
0.0019849028971516414
0.0018185858984973158
0.0016697910188689935
0.0015295235639117832
0.001401702809200045
0.001285453988422447
0.0011793490812200824
0.0010799724072924066
0.0009909033029600889
0.0009070468723185177
0.0008300614957926222
0.0007628893917921431
0.0006995531701517455
0.0006410616058244445
0.000587188070594602
0.0005381390766820426
0.0004937840395649595
0.00045288649993424634
0.0004146977516006345
0.00038034418985810614
0.000348804623344634
0.0003196451672413114
0.00029305396569007103
0.0002685108425906635
0.00024599493301302733
0.0002255277855939264
0.00020662545615418582
0.00018939160170206026
0.00017361798011067409
0.00015926780255304251
0.00014589571766782106
0.0001339219102231004
0.00012266758161461055
0.00011253165134644805
0.00010301558104774955
9.447592417971551e-05
8.659549839196146e-05
7.931249224407688e-05
7.282528556612489e-05
6.670375591849576e-05
6.114404789064887e-05
5.603153418437534e-05
5.129284928323541e-05
4.712091974029553e-05
4.3173765216786286e-05
3.9567287913322424e-05
3.609859194286802e-05
3.3248156876553026e-05
3.0473049590640233e-05
2.7910220410376496e-05
2.563712832942544e-05
2.3474181431726304e-05
2.149617648189439e-05
1.9729964637338337e-05
1.8097660270388616e-05
1.6592260693726324e-05
1.5198357317114386e-05
1.3919974088394405e-05
1.275476089745986e-05
1.169156867070198e-05
1.0724433341657846e-05
9.825808942043324e-06
9.016700248387632e-06
8.272984778623371e-06
7.575394292691495e-06
6.942129206766179e-06
6.364750585186041e-06
5.835045809032824e-06
5.346820232399185e-06
4.903515366805333e-06
4.494536441634889e-06
4.119250514300621e-06
3.7764011748264714e-06
3.4599057033291025e-06
3.1664330416014685e-06
2.9082848382322446e-06
2.668264090510686e-06
2.440195551456359e-06
2.242113287531655e-06
2.055308255810573e-06
1.883037455963077e-06
1.7278812894372386e-06
1.5808744452394663e-06
1.450495777655103e-06
1.3294109285633127e-06
1.2184792305691694e-06
1.1170700781049092e-06
1.023671848954244e-06
9.38229798574941e-07
0.0
0.0
0.0
0.0
0.0
0.0
0.0
0.0
0.0
0.0
0.0
0.0
0.0
0.0
0.0
0.0
0.0
0.0
0.0
0.0
0.0
0.0
0.0
0.0
0.0
0.0
0.0
0.0
0.0
0.0
0.0
0.0
0.0
0.0
0.0
0.0
0.0
0.0
0.0
0.0
0.0
0.0
0.0
0.0
0.0
0.0
0.0
0.0
0.0
0.0
0.0
0.0
0.0
0.0
0.0
0.0
0.0
0.0
0.0
0.0
0.0
0.0
0.0
0.0
0.0
0.0
0.0
0.0
0.0
0.0
0.0
0.0
0.0
0.0
0.0
0.0
0.0
0.0
0.0
0.0
0.0
0.0
0.0
0.0
0.0
0.0
0.0
0.0
0.0
0.0
0.0
0.0
0.0
0.0
0.0
0.0
0.0
0.0
0.0
0.0
0.0
0.0
0.0
0.0
0.0
0.0
0.0
0.0
0.0
0.0
0.0
0.0
0.0
0.0
0.0
0.0
0.0
0.0
0.0
0.0
0.0
0.0
0.0
0.0
0.0
0.0
0.0
0.0
0.0
0.0
0.0
0.0
0.0
0.0
0.0
0.0
0.0
0.0
0.0
0.0
0.0
0.0
0.0
0.0
0.0
0.0
0.0
0.0
0.0
0.0
0.0
0.0
0.0
0.0
0.0
0.0
0.0
0.0
0.0
0.0
0.0
0.0
0.0
0.0
0.0
0.0
0.0
0.0
0.0
0.0
0.0
0.0
0.0
0.0
0.0
0.0
0.0
0.0
0.0
0.0
0.0
0.0
0.0
0.0
0.0
0.0
0.0
0.0
0.0
0.0
0.0
0.0
0.0
0.0
0.0
0.0
0.0
0.0
0.0
0.0
0.0
0.0
0.0
0.0
0.0
0.0
0.0
0.0
0.0
0.0
0.0
0.0
0.0
0.0
0.0
0.0
0.0
0.0
0.0
0.0
0.0
0.0
0.0
0.0
0.0
0.0
0.0
0.2
0.2
0.2
0.2
0.2
0.2
0.2
0.2
0.2
0.2
0.2
0.2
0.2
0.2
0.2
0.2
0.2
0.2
0.2
0.2
0.2
0.2
0.2
0.2
0.2
0.2
0.2
0.2
0.2
0.2
0.2
0.2
0.2
0.2
0.2
0.2
0.2
0.2
0.2
0.2
0.2
0.2
0.2
0.2
0.2
0.2
0.2
0.2
0.2
0.2
0.2
0.2
0.2
0.2
0.2
0.2
0.2
0.2
0.2
0.2
0.2
0.2
0.2
0.2
0.2
0.2
0.2
0.2
0.2
0.2
0.2
0.2
0.2
0.2
0.2
0.2
0.2
0.2
0.2
0.2
0.2
0.2
0.2
0.2
0.2
0.2
0.2
0.2
0.2
0.2
0.2
0.2
0.2
0.2
0.2
0.2
0.2
0.2
0.2
0.2
0.2
0.2
0.2
0.2
0.2
0.2
0.2
0.2
0.2
0.2
0.2
0.2
0.2
0.2
0.2
0.2
0.2
0.2
0.2
0.2
0.2
0.2
0.2
0.2
0.2
0.2
0.2
0.2
0.2
0.2
0.2
0.2
0.2
0.2
0.2
0.2
0.2
0.2
0.2
0.18340393776548025
0.16809323948796473
0.15422336201818498
0.1413638325347878
0.12945205657302872
0.11878135591279788
0.10880966108398371
0.09964027094449636
0.09149816620432008
0.08387808455016638
0.07688007304762834
0.07038664753794029
0.06455219274358726
0.059214016888594845
0.054283295457357286
0.0497146504618096
0.04545971024409991
0.04176092637982315
0.03833158174692407
0.035078447484351946
0.032178503461227664
0.029493617623324905
0.027044371761642746
0.02480766699511071
0.022740704584925102
0.020826329536041015
0.01910284142871483
0.01750392404972114
0.016039895842212035
0.014717606928728328
0.013493848950817766
0.012357009044029994
0.01133575785308829
0.010390165774202872
0.009506258786548552
0.00870592923587896
0.00799763224511095
0.0073367499039485905
0.006726899075874135
0.0061660808633717135
0.005643803023606034
0.005173890107208378
0.004744415837192033
0.004349326980560369
0.0039822513947256905
0.003654088990731222
0.0033487505741009753
0.0030736038319323414
0.0028174028161223386
0.002578298995678752
0.0023665955097197026
0.0021626322506624763
0.001986355555254068
0.0018236730352798234
0.0016713338760334959
0.001531001162800199
0.0014028850717464627
0.0012863400436906194
0.0011791139534993798
0.0010808215404438724
0.0009899355300159805
0.0009081349298163525
0.0008325547191816835
0.0007633785801200489
0.0006994461965693481
0.000641154700270738
0.0005879558507481718
0.0005377669104058973
0.0004931693627593175
0.0004527279955052296
0.0004154221900378528
0.0003806255965561297
0.000349102755587952
0.0003196000817134071
0.0002933069824911192
0.0002687889385376275
0.0002461724324741077
0.00022592530379121782
0.0002071750850537959
0.00018984473380784543
0.00017360916471152122
0.00015952212646629988
0.00014610180913049916
0.00013402981842210006
0.00012288919290001873
0.00011264677806174609
0.0001031015688376629
9.459973614518819e-05
8.666144658648471e-05
7.942328757937403e-05
7.283782626648571e-05
6.675415608435668e-05
6.118490690789228e-05
5.6114238340387315e-05
5.136784354751586e-05
4.713280884430772e-05
4.3184670195479054e-05
3.962468792710027e-05
3.629424281302125e-05
3.328292763396598e-05
3.050434402412204e-05
2.7987621250858342e-05
2.5665271411625117e-05
2.352564756250186e-05
2.1557480124612045e-05
1.9747762004382884e-05
1.809783160135639e-05
1.66040365809902e-05
1.5208869954254186e-05
1.3938385595981405e-05
1.2760637312881864e-05
1.1685518527525986e-05
1.0748617472689557e-05
9.853332877542681e-06
9.032996112161449e-06
8.275615520146113e-06
7.582241004891324e-06
6.9480453072041e-06
6.363297814153627e-06
5.837751456861662e-06
5.355007356766829e-06
4.908048990233531e-06
4.496898045287613e-06
4.121824145802251e-06
3.7785627527662295e-06
3.4632256321582507e-06
3.17701341043526e-06
2.9142180094059473e-06
2.6717572566884654e-06
2.447196059265268e-06
2.242554183202667e-06
2.056103182665504e-06
1.8847948337964824e-06
1.7276288605878483e-06
1.5832047026374455e-06
1.4515093816599918e-06
1.3306581620531529e-06
1.2195515321678462e-06
1.118245520606507e-06
1.0249648340146838e-06
0.0
0.0
0.0
0.0
0.0
0.0
0.0
0.0
0.0
0.0
0.0
0.0
0.0
0.0
0.0
0.0
0.0
0.0
0.0
0.0
0.0
0.0
0.0
0.0
0.0
0.0
0.0
0.0
0.0
0.0
0.0
0.0
0.0
0.0
0.0
0.0
0.0
0.0
0.0
0.0
0.0
0.0
0.0
0.0
0.0
0.0
0.0
0.0
0.0
0.0
0.0
0.0
0.0
0.0
0.0
0.0
0.0
0.0
0.0
0.0
0.0
0.0
0.0
0.0
0.0
0.0
0.0
0.0
0.0
0.0
0.0
0.0
0.0
0.0
0.0
0.0
0.0
0.0
0.0
0.0
0.0
0.0
0.0
0.0
0.0
0.0
0.0
0.0
0.0
0.0
0.0
0.0
0.0
0.0
0.0
0.0
0.0
0.0
0.0
0.0
0.0
0.0
0.0
0.0
0.0
0.0
0.0
0.0
0.0
0.0
0.0
0.0
0.0
0.0
0.0
0.0
0.0
0.0
0.0
0.0
0.0
0.0
0.0
0.0
0.0
0.0
0.0
0.0
0.0
0.0
0.0
0.0
0.0
0.0
0.0
0.0
0.0
0.0
0.0
0.0
0.0
0.0
0.0
0.0
0.0
0.0
0.0
0.0
0.0
0.0
0.0
0.0
0.0
0.0
0.0
0.0
0.0
0.0
0.0
0.0
0.0
0.0
0.0
0.0
0.0
0.0
0.0
0.0
0.0
0.0
0.0
0.0
0.0
0.0
0.0
0.0
0.0
0.0
0.0
0.0
0.0
0.0
0.0
0.0
0.0
0.0
0.0
0.0
0.0
0.0
0.0
0.0
0.0
0.0
0.0
0.0
0.0
0.0
0.0
0.0
0.0
0.0
0.0
0.0
0.0
0.0
0.0
0.0
0.0
0.0
0.0
0.0
0.0
0.0
0.0
0.0
0.0
0.0
0.0
0.0
0.0
0.0
0.0
0.0
0.0
0.0
0.0
0.2
0.2
0.2
0.2
0.2
0.2
0.2
0.2
0.2
0.2
0.2
0.2
0.2
0.2
0.2
0.2
0.2
0.2
0.2
0.2
0.2
0.2
0.2
0.2
0.2
0.2
0.2
0.2
0.2
0.2
0.2
0.2
0.2
0.2
0.2
0.2
0.2
0.2
0.2
0.2
0.2
0.2
0.2
0.2
0.2
0.2
0.2
0.2
0.2
0.2
0.2
0.2
0.2
0.2
0.2
0.2
0.2
0.2
0.2
0.2
0.2
0.2
0.2
0.2
0.2
0.2
0.2
0.2
0.2
0.2
0.2
0.2
0.2
0.2
0.2
0.2
0.2
0.2
0.2
0.2
0.2
0.2
0.2
0.2
0.2
0.2
0.2
0.2
0.2
0.2
0.2
0.2
0.2
0.2
0.2
0.2
0.2
0.2
0.2
0.2
0.2
0.2
0.2
0.2
0.2
0.2
0.2
0.2
0.2
0.2
0.2
0.2
0.2
0.2
0.2
0.2
0.2
0.2
0.2
0.2
0.2
0.2
0.2
0.2
0.2
0.2
0.2
0.2
0.2
0.2
0.2
0.2
0.2
0.2
0.2
0.2
0.2
0.2
0.2
0.18414351235691978
0.16870795818861115
0.15458106993527126
0.14163969695499182
0.12994153238975895
0.11918724566571381
0.10923058123938809
0.10015185389901364
0.09175932834527943
0.0839956172243017
0.07713943276061502
0.07066564066738126
0.06478288472622334
0.059412577769151334
0.054390729484715045
0.04976982881259377
0.045696491703772185
0.04193578456356423
0.03792116685818001
0.034961960066743125
0.03222599431335301
0.029350081967729497
0.027137525965231397
0.024878184388785446
0.022780878748075852
0.0208920191584461
0.019160102056020874
0.017569214784291985
0.016106827926973794
0.014751675892372619
0.013530864037838344
0.012393398684109722
0.011370980410906381
0.010386861826352824
0.009541103786034023
0.00875694665619488
0.008027838877239143
0.007359537326321488
0.006735584675696336
0.006180260960792359
0.005669553535784712
0.005180687749486783
0.004762160696007748
0.004360561719909755
0.003998688503139264
0.0036654847678862755
0.003361135892962178
0.003083685880572741
0.002826554259847367
0.002591271169554252
0.002374059152925187
0.0021770175789316247
0.0019957797660928684
0.0018292174702207484
0.0016766621005453895
0.001535583132202331
0.0014074437066271019
0.0012904485375521693
0.0011829886874209095
0.0010839651376476553
0.000993569488231911
0.0009105927719006993
0.0008350431615455555
0.0007652613163383146
0.000701982621438874
0.000643779483829289
0.0005895087107885132
0.0005400840042481986
0.0004955670374139062
0.0004544188661411861
0.00041675276681924026
0.00038204465766315246
0.0003501970310456783
0.0003207923862615956
0.00029401568458234026
0.00026962230432144095
0.00024718224590904235
0.00022630096890800295
0.0002074248079333088
0.00019039543810834086
0.0001745251210866538
0.00015930648602409075
0.0001465076830588678
0.00013447083121408493
0.00012322153902193553
0.00011299766248093583
0.00010356648179602544
9.490858257522234e-05
8.699005060358676e-05
7.974010384124202e-05
7.312113677741082e-05
6.703486221441138e-05
6.138437603221222e-05
5.6249695592442197e-05
5.1581153529186305e-05
4.732427672813993e-05
4.338856496682827e-05
3.976355872681435e-05
3.645287445109257e-05
3.3383496765105304e-05
3.060412862086323e-05
2.804586822469435e-05
2.5626407124472818e-05
2.3564948398708027e-05
2.160997076446606e-05
1.981507889968748e-05
1.8153128737607106e-05
1.661638465551652e-05
1.5185593384815179e-05
1.3977674303055662e-05
1.2826742082749632e-05
1.1746605306586978e-05
1.0767102817765263e-05
9.867562494167456e-06
9.040241361086695e-06
8.296035086683631e-06
7.611394400375574e-06
6.979024511779198e-06
6.3971587767550374e-06
5.8621131949953835e-06
5.375006746518324e-06
4.924070542084585e-06
4.516705854573132e-06
4.1394118531337645e-06
3.791482893149009e-06
3.471562287023379e-06
3.187463507025476e-06
2.91959862831866e-06
2.6753077675946056e-06
2.452501441753088e-06
2.249438608123523e-06
2.0323092857900112e-06
1.8764499573510517e-06
1.7328527432246147e-06
1.5883384518799054e-06
1.4543871118536317e-06
1.3333064723824131e-06
1.2225040346222359e-06
1.1204405285458644e-06
1.0070379387500524e-06
9.426179710505205e-07
0.0
0.0
0.0
0.0
0.0
0.0
0.0
0.0
0.0
0.0
0.0
0.0
0.0
0.0
0.0
0.0
0.0
0.0
0.0
0.0
0.0
0.0
0.0
0.0
0.0
0.0
0.0
0.0
0.0
0.0
0.0
0.0
0.0
0.0
0.0
0.0
0.0
0.0
0.0
0.0
0.0
0.0
0.0
0.0
0.0
0.0
0.0
0.0
0.0
0.0
0.0
0.0
0.0
0.0
0.0
0.0
0.0
0.0
0.0
0.0
0.0
0.0
0.0
0.0
0.0
0.0
0.0
0.0
0.0
0.0
0.0
0.0
0.0
0.0
0.0
0.0
0.0
0.0
0.0
0.0
0.0
0.0
0.0
0.0
0.0
0.0
0.0
0.0
0.0
0.0
0.0
0.0
0.0
0.0
0.0
0.0
0.0
0.0
0.0
0.0
0.0
0.0
0.0
0.0
0.0
0.0
0.0
0.0
0.0
0.0
0.0
0.0
0.0
0.0
0.0
0.0
0.0
0.0
0.0
0.0
0.0
0.0
0.0
0.0
0.0
0.0
0.0
0.0
0.0
0.0
0.0
0.0
0.0
0.0
0.0
0.0
0.0
0.0
0.0
0.0
0.0
0.0
0.0
0.0
0.0
0.0
0.0
0.0
0.0
0.0
0.0
0.0
0.0
0.0
0.0
0.0
0.0
0.0
0.0
0.0
0.0
0.0
0.0
0.0
0.0
0.0
0.0
0.0
0.0
0.0
0.0
0.0
0.0
0.0
0.0
0.0
0.0
0.0
0.0
0.0
0.0
0.0
0.0
0.0
0.0
0.0
0.0
0.0
0.0
0.0
0.0
0.0
0.0
0.0
0.0
0.0
0.0
0.0
0.0
0.0
0.0
0.0
0.0
0.0
0.0
0.0
0.0
0.0
0.0
0.0
0.0
0.0
0.0
0.0
0.0
0.0
0.0
0.0
0.0
0.0
0.0
0.0
0.0
0.0
0.0
0.0
