0.0
0.0
0.0
0.0
0.0
0.0
0.0
0.0
0.0
0.0
0.0
0.0
0.0
0.0
0.0
0.0
0.0
0.0
0.0
0.0
0.0
0.0
0.0
0.0
0.0
0.0
0.0
0.0
0.0
0.0
0.0
0.0
0.0
0.0
0.0
0.0
0.0
0.0
0.0
0.0
0.0
0.0
0.0
0.0
0.0
0.0
0.0
0.0
0.0
0.0
0.0
0.0
0.0
0.0
0.0
0.0
0.0
0.0
0.0
0.0
0.0
0.0
0.0
0.0
0.0
0.0
0.0
0.0
0.0
0.0
0.0
0.0
0.0
0.0
0.0
0.0
0.0
0.0
0.0
0.0
0.0
0.0
0.0
0.0
0.0
0.0
0.0
0.0
0.0
0.0
0.0
0.0
0.0
0.0
0.0
0.0
0.0
0.0
0.0
0.0
0.0
0.0
0.0
0.0
0.0
0.0
0.0
0.0
0.0
0.0
0.0
0.0
0.0
0.0
0.0
0.0
0.0
0.0
0.0
0.0
0.0
0.0
0.0
0.0
0.0
0.0
0.0
0.0
0.0
0.0
0.0
0.0
0.0
0.0
0.0
0.0
0.0
0.0
0.0
0.0
0.0
0.0
0.0
0.0
0.0
0.0
0.0
0.0
0.0
0.0
0.0
0.0
0.0
0.0
0.0
0.0
0.0
0.0
0.0
0.0
0.0
0.0
0.0
0.0
0.0
0.0
0.0
0.0
0.0
0.0
0.0
0.0
0.0
0.0
0.0
0.0
0.0
0.0
0.0
0.0
0.0
0.0
0.0
0.0
0.0
0.0
0.0
0.0
0.0
0.0
0.0
0.0
0.0
0.0
0.0
0.0
0.0
0.0
0.0
0.0
0.0
0.0
0.0
0.0
0.0
0.0
0.0
0.0
0.0
0.0
0.0
0.0
0.0
0.0
0.0
0.0
0.0
0.0
0.0
0.0
0.0
0.0
0.0
0.0
0.0
0.0
0.0
0.0
0.0
0.0
0.0
0.0
0.0
0.0
0.0
0.0
0.0
0.0
0.0
0.0
0.0
0.0
0.0
0.0
0.0
0.0
0.0
0.0
0.0
0.0
0.0
0.0
0.0
0.0
0.0
0.0
0.0
0.0
0.0
0.0
0.0
0.0
0.0
0.0
0.0
0.0
0.0
0.0
0.0
0.0
0.0
0.0
0.0
0.0
0.0
0.0
0.0
0.0
0.0
0.0
0.0
1.0
1.0
1.0
1.0
1.0
1.0
1.0
1.0
1.0
1.0
1.0
1.0
1.0
1.0
1.0
1.0
1.0
1.0
1.0
1.0
1.0
1.0
1.0
1.0
1.0
1.0
1.0
1.0
1.0
1.0
1.0
1.0
1.0
1.0
1.0
1.0
1.0
0.9808508951897918
0.9211632148988427
0.8674099698521291
0.8142001987580363
0.7671382711055394
0.7211130587350567
0.6780080510125535
0.6372381522500326
0.598972013952181
0.5627062950122239
0.5287563662904917
0.4970637566326448
0.4672841599677513
0.4392309041139071
0.41316565092492974
0.388109938189122
0.3648186147187271
0.34323001352129223
0.32264611771039053
0.303028407779538
0.28484301242675913
0.2678281766223005
0.25171897065578364
0.2366237309046415
0.22232793310047683
0.20907098978491367
0.19652550068407093
0.18471735637719888
0.17361796717603628
0.16319430555215897
0.15342650949038772
0.14421352655556907
0.13554055391122244
0.12742513372687592
0.11975282032276713
0.11255752719997103
0.10586504552670295
0.09954863087566235
0.09359136206789609
0.08798671805508551
0.0825218401201373
0.07767494279825682
0.07303128460446073
0.0686434306478616
0.06450816080620747
0.06066245390305358
0.05702252468150881
0.053581479798853415
0.050370548539020454
0.047358364460445834
0.044550673623541925
0.04187419567615258
0.039336940936626874
0.036937882398209165
0.03475867218675788
0.0326727909979696
0.030731497913475625
0.02887230922905948
0.02715489303961771
0.02551886558686478
0.023969343180044955
0.02254008911778138
0.021197284455700238
0.019904757142946927
0.018717094027071557
0.0175975093023224
0.016539813117407487
0.015546951953299804
0.014612406297999758
0.013740789121241104
0.012913367143204457
0.01214551586361079
0.011415511090090646
0.01073433108446098
0.010083524692306778
0.009478368594873832
0.008914770011967832
0.008375099254184448
0.007871910880770994
0.007395321780316433
0.006952602616815184
0.006542980704643764
0.006146520435351022
0.005781224601407509
0.005429727995633904
0.005107112236397704
0.004795023033400181
0.004510983226885035
0.004243444111371453
0.003988119728552064
0.0037494408128604384
0.0035241364577331957
0.0033121150342330097
0.0031095686011215484
0.002923776598152017
0.002751383128104745
0.0025851270557555317
0.002429386283091528
0.002283251118478713
0.0021463930423273325
0.0020174728204067627
0.0018965640163206565
0.0017831580985454565
0.0016751242882606654
0.0015755181788268402
0.0014808547445701592
0.0013919371768373878
0.0013083631504904325
0.0012297684153423916
0.0011564319607320073
0.0010868117268438837
0.0010221009568938122
0.0009608154341642638
0.0009028184238988324
0.0008485949326830777
0.0007974834643436068
0.0007503569765021645
0.0007048865129313242
0.0006622269362441813
0.0006225500994068156
0.0005853795617563051
0.0005504004401948315
0.0005164752861843702
0.0004864466693206282
0.00045713354869070244
0.00042995661097666726
0.00040415405483873457
0.0003799280423235629
0.0003569480104155254
0.00033545353643171794
0.0003152540065691767
0.0002963434382392549
0.00027857575844603133
0.0002618482920939691
0.00024611398533069817
0.00023139119524939744
0.0002176772546067518
0.0002044734617077104
0.0001922219595025254
0.00018069297846023957
0.00016979078448553508
0.0001596313424037099
0.00015000525638608764
0.00014112351088746422
0.00013257233214059028
0.00012462100690724398
0.00011717244399367388
0.00011020911061887517
0.00010351676357034378
9.729497545007959e-05
9.146281689886848e-05
8.596120756720893e-05
8.078868617378276e-05
7.596526229658451e-05
7.139474378492494e-05
6.710280021415826e-05
6.315439751514162e-05
5.934382284422668e-05
5.5793270054671495e-05
5.241069806549703e-05
4.9307323317204776e-05
4.6338236406651134e-05
4.3541146464765035e-05
4.094609500704394e-05
3.849056252880345e-05
3.6153438666364224e-05
3.3993488349093326e-05
3.193154730496417e-05
3.0010150106729583e-05
2.8250818207009587e-05
2.6538949141841073e-05
2.4946107422874064e-05
2.3442018750596816e-05
2.203495048913595e-05
2.073326527618491e-05
1.9472394555020145e-05
1.830205418285047e-05
1.72152020350147e-05
1.6173902666949402e-05
1.5202540772030204e-05
1.4293949341048773e-05
1.3428180267283096e-05
1.2629929981855526e-05
1.1876079267558737e-05
1.11587481663733e-05
1.0487333856890046e-05
9.860488083823782e-06
9.266216582481945e-06
8.712609235850266e-06
8.190626361592734e-06
7.703377779666454e-06
0.0
0.0
0.0
0.0
0.0
0.0
0.0
0.0
0.0
0.0
0.0
0.0
0.0
0.0
0.0
0.0
0.0
0.0
0.0
0.0
0.0
0.0
0.0
0.0
0.0
0.0
0.0
0.0
0.0
0.0
0.0
0.0
0.0
0.0
0.0
0.0
0.0
0.0
0.0
0.0
0.0
0.0
0.0
0.0
0.0
0.0
0.0
0.0
0.0
0.0
0.0
0.0
0.0
0.0
0.0
0.0
0.0
0.0
0.0
0.0
0.0
0.0
0.0
0.0
0.0
0.0
0.0
0.0
0.0
0.0
0.0
0.0
0.0
0.0
0.0
0.0
0.0
0.0
0.0
0.0
0.0
0.0
0.0
0.0
0.0
0.0
0.0
0.0
0.0
0.0
0.0
0.0
0.0
0.0
0.0
0.0
0.0
0.0
0.0
0.0
0.0
0.0
0.0
0.0
0.0
0.0
0.0
0.0
0.0
0.0
0.0
0.0
0.0
0.0
0.0
0.0
0.0
0.0
0.0
0.0
0.0
0.0
0.0
0.0
0.0
0.0
0.0
0.0
0.0
0.0
0.0
0.0
0.0
0.0
0.0
0.0
0.0
0.0
0.0
0.0
0.0
0.0
0.0
0.0
0.0
0.0
0.0
0.0
0.0
0.0
0.0
0.0
0.0
0.0
0.0
0.0
0.0
0.0
0.0
0.0
0.0
0.0
0.0
0.0
0.0
0.0
0.0
0.0
0.0
0.0
0.0
0.0
0.0
0.0
0.0
0.0
0.0
0.0
0.0
0.0
0.0
0.0
0.0
0.0
0.0
0.0
0.0
0.0
0.0
0.0
0.0
0.0
0.0
0.0
0.0
0.0
0.0
0.0
0.0
0.0
0.0
0.0
0.0
0.0
0.0
0.0
0.0
0.0
0.0
0.0
0.0
0.0
0.0
0.0
0.0
0.0
0.0
0.0
0.0
0.0
0.0
0.0
0.0
0.0
0.0
0.0
0.0
0.0
0.0
0.0
0.0
0.0
0.0
0.0
0.0
0.0
0.0
0.0
0.0
0.0
0.0
0.0
0.0
0.0
0.0
0.0
0.0
0.0
0.0
0.0
0.0
0.0
0.0
0.0
0.0
0.0
0.0
0.0
0.0
0.0
0.0
0.0
0.0
0.0
0.0
0.0
0.0
0.0
0.0
0.0
0.0
0.0
0.0
0.0
0.0
0.0
0.0
0.0
0.0
0.0
1.0
1.0
1.0
1.0
1.0
1.0
1.0
1.0
1.0
1.0
1.0
1.0
1.0
1.0
1.0
1.0
1.0
1.0
1.0
1.0
1.0
1.0
1.0
1.0
1.0
1.0
1.0
1.0
1.0
1.0
1.0
1.0
1.0
1.0
1.0
0.9747652983827368
0.9094956783827373
0.849149677693716
0.8106460871998147
0.7560123234098013
0.7075131027952626
0.659668773547617
0.6181710075293667
0.576851849102308
0.5370344901605701
0.500728439538622
0.47088999771356566
0.4379400639780373
0.40241808145291635
0.38565395574531713
0.3642238750278288
0.3426322466475291
0.321331841475482
0.2975086699513323
0.2819677393099518
0.2633747445757946
0.2462479010681271
0.22606339938208286
0.21836421250728666
0.2030928632654625
0.19183983916034464
0.17579023463853982
0.1692544853629503
0.15728476304359162
0.14682313991821783
0.13683242708194854
0.12958740987805584
0.12138141673493763
0.11432001882958609
0.10711386558826508
0.10093201825231546
0.0946615964319868
0.08930658613536568
0.0834550417847364
0.07880715859452714
0.0741363686346519
0.0694788417215495
0.0655290737879417
0.06167310598896414
0.057825843894251605
0.0545085857161105
0.051241802230921785
0.04822483360902652
0.045341997422726266
0.04253145829619953
0.03986023688336893
0.03754416187703313
0.035158213870316146
0.03304000883270053
0.03118143696944209
0.029235359890294355
0.027319353923263456
0.025787675768395246
0.024321350874197734
0.022854213096337617
0.02148087600632298
0.020298061212643326
0.01905319289134777
0.017933416167674743
0.01685831615007416
0.015845516393395265
0.01488676314175219
0.014003660403920648
0.01315696355180851
0.012366831315579141
0.011605845276000615
0.010923888825102424
0.01026151709803269
0.009626757505388106
0.009074619834580133
0.008534741298852566
0.008021638812341969
0.007513295367912676
0.007087406473971214
0.006664485620871297
0.006260791347448169
0.005888762854431739
0.00553508128411373
0.005202899026630625
0.0048876189636795075
0.004592228673438115
0.004315783487484737
0.004059645017497893
0.0038148506224580103
0.003587179345448277
0.0033721735008667153
0.0031689249154140953
0.002978001884973658
0.0028001763988561024
0.00263175922931147
0.0024699575139193186
0.002324065427075084
0.002188061164764221
0.0020564046492559385
0.0019335172387915378
0.001815944695941596
0.001708102426395186
0.0016046826320250673
0.0015083754856828335
0.001415731395194797
0.0013329643709392158
0.0012526883512125053
0.0011777126985537123
0.0011067701827665033
0.00104062143067285
0.0009788686447969042
0.0009194513572126084
0.0008648402496262975
0.0008123888489288689
0.0007637632818804363
0.0007178432213033048
0.0006750508640580577
0.0006342020388760972
0.0005961316895772839
0.0005607666420761603
0.0005266174003519808
0.0004951860837749678
0.000464134202426969
0.0004374646520002301
0.0004112753056508822
0.0003869017416677778
0.0003636600820255964
0.0003418689080492143
0.00032130774956495856
0.00030207239181745393
0.0002838862442970935
0.00026616022822700813
0.00025078120278720917
0.00023585685775184828
0.000221471877240198
0.00020829296728397395
0.00019580604968094661
0.00018415226102241888
0.00017306680718398582
0.00016268704581268167
0.0001529491133416272
0.00014376055770348728
0.0001350388004404124
0.0001269512591628441
0.00011928736906696713
0.00011050938375412045
0.00010448974251975329
9.625931328915982e-05
9.215008406293634e-05
8.664933212898518e-05
8.175629475637436e-05
7.680249118280358e-05
7.146998669682603e-05
6.770337402883797e-05
6.368928849731503e-05
5.96823198222296e-05
5.5095577176089705e-05
5.240381002735717e-05
4.951516328599581e-05
4.6619453157425994e-05
4.377412154621396e-05
4.11152139916382e-05
3.856113039368836e-05
3.634663794116477e-05
3.415716663024426e-05
3.215374633569468e-05
3.010912310408287e-05
2.827097559077174e-05
2.6637677083662936e-05
2.5108247150740226e-05
2.356420599625153e-05
2.2189521588167338e-05
2.0840845128766716e-05
1.955529427011271e-05
1.8346704373506384e-05
1.7256328909809326e-05
1.6284818644685117e-05
1.5294950177491273e-05
1.4336367929246308e-05
1.3529601465833707e-05
1.2705474204288691e-05
1.194654726166533e-05
1.1220448304705144e-05
1.056325634518629e-05
9.92539833610806e-06
9.336099447310175e-06
8.770035493377293e-06
8.249613183686222e-06
7.75400133701254e-06
0.0
0.0
0.0
0.0
0.0
0.0
0.0
0.0
0.0
0.0
0.0
0.0
0.0
0.0
0.0
0.0
0.0
0.0
0.0
0.0
0.0
0.0
0.0
0.0
0.0
0.0
0.0
0.0
0.0
0.0
0.0
0.0
0.0
0.0
0.0
0.0
0.0
0.0
0.0
0.0
0.0
0.0
0.0
0.0
0.0
0.0
0.0
0.0
0.0
0.0
0.0
0.0
0.0
0.0
0.0
0.0
0.0
0.0
0.0
0.0
0.0
0.0
0.0
0.0
0.0
0.0
0.0
0.0
0.0
0.0
0.0
0.0
0.0
0.0
0.0
0.0
0.0
0.0
0.0
0.0
0.0
0.0
0.0
0.0
0.0
0.0
0.0
0.0
0.0
0.0
0.0
0.0
0.0
0.0
0.0
0.0
0.0
0.0
0.0
0.0
0.0
0.0
0.0
0.0
0.0
0.0
0.0
0.0
0.0
0.0
0.0
0.0
0.0
0.0
0.0
0.0
0.0
0.0
0.0
0.0
0.0
0.0
0.0
0.0
0.0
0.0
0.0
0.0
0.0
0.0
0.0
0.0
0.0
0.0
0.0
0.0
0.0
0.0
0.0
0.0
0.0
0.0
0.0
0.0
0.0
0.0
0.0
0.0
0.0
0.0
0.0
0.0
0.0
0.0
0.0
0.0
0.0
0.0
0.0
0.0
0.0
0.0
0.0
0.0
0.0
0.0
0.0
0.0
0.0
0.0
0.0
0.0
0.0
0.0
0.0
0.0
0.0
0.0
0.0
0.0
0.0
0.0
0.0
0.0
0.0
0.0
0.0
0.0
0.0
0.0
0.0
0.0
0.0
0.0
0.0
0.0
0.0
0.0
0.0
0.0
0.0
0.0
0.0
0.0
0.0
0.0
0.0
0.0
0.0
0.0
0.0
0.0
0.0
0.0
0.0
0.0
0.0
0.0
0.0
0.0
0.0
0.0
0.0
0.0
0.0
0.0
0.0
0.0
0.0
0.0
0.0
0.0
0.0
0.0
0.0
0.0
0.0
0.0
0.0
0.0
0.0
0.0
0.0
0.0
0.0
0.0
0.0
0.0
0.0
0.0
0.0
0.0
0.0
0.0
0.0
0.0
0.0
0.0
0.0
0.0
0.0
0.0
0.0
0.0
0.0
0.0
0.0
0.0
0.0
0.0
0.0
0.0
0.0
0.0
0.0
0.0
0.0
0.0
0.0
0.0
1.0
1.0
1.0
1.0
1.0
1.0
1.0
1.0
1.0
1.0
1.0
1.0
1.0
1.0
1.0
1.0
1.0
1.0
1.0
1.0
1.0
1.0
1.0
1.0
1.0
1.0
1.0
1.0
1.0
1.0
1.0
1.0
1.0
1.0
1.0
1.0
0.9806380174581233
0.9218527497018596
0.8666826835016175
0.8137630735143162
0.7658566297981295
0.7197147634664116
0.6770857413517994
0.6354719839797434
0.5973240288566526
0.5624226128336893
0.5286522844996586
0.49686771084990333
0.4669871698910004
0.43906127175331555
0.41242568117097855
0.38764898566476447
0.36438337190711323
0.34153950785685305
0.3217604153244391
0.30056538750535466
0.2845850772651626
0.2674535906337465
0.2514400422537104
0.2362816021463825
0.22209914867431735
0.2089035408602502
0.19629597819736766
0.18464546641043178
0.17357133609792008
0.1631556291756624
0.15330125106510728
0.1441051443892647
0.13526710383129803
0.12728697234461395
0.11972055865517284
0.1125007624772505
0.10580993487996748
0.0994419755690874
0.09343681786091551
0.08785823058135733
0.0825928938512761
0.0776029235836262
0.07281660806575951
0.06860469011240156
0.06449590857038068
0.06061126324078714
0.05698010064684489
0.05344312357730274
0.05034533888023063
0.047287466708043624
0.0444500768431606
0.04181203056863225
0.03930434232790958
0.036933108997006414
0.034737061904071
0.03261314206496557
0.03069406085592341
0.028851640030946868
0.027119624146937582
0.025462973632990327
0.023944125079864875
0.022502638946276576
0.021167322900096597
0.019897521023453546
0.01870196613629682
0.017496484902144616
0.016527415141253332
0.015535970545048183
0.014606302106985325
0.013709362396964409
0.012905740959860967
0.012116097802050252
0.011401227919005219
0.010720329713866494
0.010069748923839938
0.009467159640824008
0.008897874717006093
0.008369041456353532
0.007863857994069079
0.007392468620521342
0.006951759211240471
0.0065340346739262145
0.006142822154533434
0.005770510372292037
0.005423858387287428
0.005101874505395898
0.004792999982252244
0.004507870452487683
0.004237103951554744
0.0039798120002689785
0.0037367317693774993
0.003518410076897016
0.0033085944769983833
0.003108724137454555
0.0029158682181389395
0.0027441788066355777
0.0025828861298418104
0.0024280177239131007
0.0022812559983496072
0.0021449794681491774
0.002016802444865462
0.0018948828648124305
0.0017797254137530416
0.0016750140232280053
0.0015735747049774318
0.0014783898949168872
0.0013900421131278762
0.00130738879123804
0.0012286650288686474
0.0011542640289636807
0.0010850167749509865
0.0010207347391162358
0.0009575400306829351
0.0009021864799851897
0.0008458037585192812
0.0007971883794297696
0.0007493298606537913
0.0007039921819647077
0.0006616337045279863
0.0006223327815728652
0.000583737220951619
0.0005499022355355265
0.0005162340642370644
0.0004859542726016741
0.000456320324261128
0.00042785461606165143
0.0004035935650268385
0.0003793197125734338
0.0003566168815560822
0.0003349407232313695
0.00031511897812208645
0.00029606381544589055
0.0002784268913131882
0.00026173883543423315
0.0002460460636939388
0.0002310860988732344
0.00021706030499402118
0.00020427780596321554
0.00019207395159037688
0.00018018536533048746
0.00016963929968616398
0.00015946147098100383
0.00014964427654762247
0.00014074996545510032
0.00013242881342279134
0.00012427856950258942
0.00011708804511556536
0.00011004574014839008
0.0001034415365328556
9.724938754418488e-05
9.141224201414389e-05
8.593411111412763e-05
8.077579578724681e-05
7.58621960521566e-05
7.132203479187638e-05
6.703394865370527e-05
6.304677475066356e-05
5.926102145892287e-05
5.558691753826395e-05
5.2345588789748376e-05
4.9229241271930846e-05
4.625876854591482e-05
4.349805819225949e-05
4.074458935043879e-05
3.8380187350472994e-05
3.606113668475075e-05
3.396722947357489e-05
3.193066512707787e-05
3.001259709778381e-05
2.8212853296238904e-05
2.6500745573088125e-05
2.4921029770030856e-05
2.342966762647336e-05
2.2030750586932157e-05
2.0701610289108885e-05
1.9457413285906e-05
1.8293163785987332e-05
1.71970469242666e-05
1.6146376832892884e-05
1.5033335710512574e-05
1.428062654129647e-05
1.3377034747907857e-05
1.2613676131589813e-05
1.1857124235348238e-05
1.1149287356015947e-05
1.0476531774994413e-05
9.85286614429981e-06
9.160409273345493e-06
8.59631475158551e-06
8.151144449186631e-06
7.69283184354208e-06
0.0
0.0
0.0
0.0
0.0
0.0
0.0
0.0
0.0
0.0
0.0
0.0
0.0
0.0
0.0
0.0
0.0
0.0
0.0
0.0
0.0
0.0
0.0
0.0
0.0
0.0
0.0
0.0
0.0
0.0
0.0
0.0
0.0
0.0
0.0
0.0
0.0
0.0
0.0
0.0
0.0
0.0
0.0
0.0
0.0
0.0
0.0
0.0
0.0
0.0
0.0
0.0
0.0
0.0
0.0
0.0
0.0
0.0
0.0
0.0
0.0
0.0
0.0
0.0
0.0
0.0
0.0
0.0
0.0
0.0
0.0
0.0
0.0
0.0
0.0
0.0
0.0
0.0
0.0
0.0
0.0
0.0
0.0
0.0
0.0
0.0
0.0
0.0
0.0
0.0
0.0
0.0
0.0
0.0
0.0
0.0
0.0
0.0
0.0
0.0
0.0
0.0
0.0
0.0
0.0
0.0
0.0
0.0
0.0
0.0
0.0
0.0
0.0
0.0
0.0
0.0
0.0
0.0
0.0
0.0
0.0
0.0
0.0
0.0
0.0
0.0
0.0
0.0
0.0
0.0
0.0
0.0
0.0
0.0
0.0
0.0
0.0
0.0
0.0
0.0
0.0
0.0
0.0
0.0
0.0
0.0
0.0
0.0
0.0
0.0
0.0
0.0
0.0
0.0
0.0
0.0
0.0
0.0
0.0
0.0
0.0
0.0
0.0
0.0
0.0
0.0
0.0
0.0
0.0
0.0
0.0
0.0
0.0
0.0
0.0
0.0
0.0
0.0
0.0
0.0
0.0
0.0
0.0
0.0
0.0
0.0
0.0
0.0
0.0
0.0
0.0
0.0
0.0
0.0
0.0
0.0
0.0
0.0
0.0
0.0
0.0
0.0
0.0
0.0
0.0
0.0
0.0
0.0
0.0
0.0
0.0
0.0
0.0
0.0
0.0
0.0
0.0
0.0
0.0
0.0
0.0
0.0
0.0
0.0
0.0
0.0
0.0
0.0
0.0
0.0
0.0
0.0
0.0
0.0
0.0
0.0
0.0
0.0
0.0
0.0
0.0
0.0
0.0
0.0
0.0
0.0
0.0
0.0
0.0
0.0
0.0
0.0
0.0
0.0
0.0
0.0
0.0
0.0
0.0
0.0
0.0
0.0
0.0
0.0
0.0
0.0
0.0
0.0
0.0
0.0
0.0
0.0
0.0
0.0
0.0
0.0
0.0
0.0
0.0
1.0
1.0
1.0
1.0
1.0
1.0
1.0
1.0
1.0
1.0
1.0
1.0
1.0
1.0
1.0
1.0
1.0
1.0
1.0
1.0
1.0
1.0
1.0
1.0
1.0
1.0
1.0
1.0
1.0
1.0
1.0
1.0
1.0
1.0
1.0
1.0
1.0
0.9786883743013105
0.9211856563118422
0.8656915531568772
0.8155477015470116
0.7684881851465524
0.7223359201784453
0.6785584194615066
0.6372994754650853
0.5950436906320786
0.5619612845814825
0.5272323093327907
0.4948728770768711
0.46274481639659776
0.4362747115660502
0.4102263365783921
0.3859539990595083
0.3625828093760989
0.34086173505455314
0.3205849128595167
0.30132144632315816
0.28327385253349263
0.26625637979971606
0.25003112604954636
0.2353092083371658
0.22110142658513482
0.2076991244251532
0.19477001593500504
0.18359950365469627
0.1725624268364752
0.16194324225007908
0.15256566941499602
0.1433846061253879
0.13394051856331274
0.1265917407506288
0.11900836632619032
0.11196636757142692
0.10525310825852556
0.09884587160465456
0.09300346379458141
0.0874260738044535
0.08217508546256674
0.07690015003810352
0.0724172988557155
0.06813839240168787
0.06374619299024302
0.05616599665017625
0.05239520372279265
0.049753523479223946
0.046865412041962325
0.04405413968597976
0.041419354986138184
0.03882808226981864
0.03659358360075209
0.0344170330440226
0.0323503466536637
0.03040606688052221
0.028574299598526802
0.026866807465371553
0.025243310233240158
0.023730530652180937
0.022279593283614
0.020953021294728695
0.019501395560368943
0.01845315030576216
0.017348417032659703
0.016358638142663078
0.015383819697940162
0.014459390253103657
0.013586481779717155
0.012771007556816863
0.011979950915135748
0.011289588752922122
0.010592504515285973
0.00997078191161243
0.00937613044292589
0.008814682126324903
0.008285027445948992
0.007785450730092114
0.0073150757519511635
0.006875310515021263
0.006463699425108649
0.006083531114456298
0.005704867803768602
0.005375539363042626
0.0050527954200299445
0.004732052758630581
0.004465106494871798
0.004197684212025756
0.003943824886155901
0.0037086324438982306
0.003486576667038712
0.003275267946387707
0.0030804134130329357
0.0028851890709594057
0.002715851900229317
0.0025580334204052158
0.0023871991955109373
0.002254444231353283
0.002123571714723262
0.0019945184816614796
0.0018766745112519978
0.0017650287799680267
0.0016594461350725636
0.0015596413994054994
0.0014649740362018726
0.001378339573627364
0.0012946247964174442
0.0012168986825256594
0.0011437218675163687
0.001075138768726937
0.001010647341849015
0.0009504295168079504
0.0008911510567668937
0.0008285792595992727
0.0007895743052431139
0.000731576456273465
0.0006927261909841955
0.0006524010880171641
0.0006154369557323416
0.0005760749743140462
0.0005443442462618645
0.0005116853878229147
0.000481161686345423
0.0004523699622276847
0.0004248182964841544
0.0003984354744593257
0.0003756962280286227
0.00035295951308760427
0.00033195350180341833
0.00031203410080187367
0.0002931502588326321
0.0002756843664113898
0.00025851980514040164
0.00024362985543518035
0.00022862507270153955
0.00021524038242986128
0.00020237327792975847
0.00018980283748653152
0.0001785607660740776
0.0001679483744561519
0.00015672987986241753
0.00014699695432312116
0.00013872004091601968
0.00013060371998157154
0.000123230789971053
0.00011587576766607513
0.00010886138545323079
0.0001023032555403272
9.609788993585469e-05
9.033636400750525e-05
8.482085200838399e-05
7.983921310255185e-05
7.510282843141838e-05
7.058902513939061e-05
6.636101924200191e-05
6.23008954723683e-05
5.8458710781074374e-05
5.506544568461139e-05
5.181772204081583e-05
4.84867773047806e-05
4.554891198487313e-05
4.301145588718883e-05
4.0293101767609166e-05
3.790969307586737e-05
3.55983679001706e-05
3.325751107090683e-05
3.143239207452767e-05
2.965378508306274e-05
2.7824972697977597e-05
2.6167586546101103e-05
2.4664605681003178e-05
2.3100453342685097e-05
2.1792611935957084e-05
2.046617671651732e-05
1.9253421897281993e-05
1.808044256050992e-05
1.699217059729777e-05
1.5943278910902887e-05
1.4927691724998777e-05
1.3990041611001957e-05
1.3187126262571822e-05
1.2442760722698705e-05
1.1661285669141405e-05
1.101325169954451e-05
1.0349820686307548e-05
9.703734145595473e-06
9.13356795755463e-06
8.603112798645479e-06
8.08385110544621e-06
7.607361921337071e-06
0.0
0.0
0.0
0.0
0.0
0.0
0.0
0.0
0.0
0.0
0.0
0.0
0.0
0.0
0.0
0.0
0.0
0.0
0.0
0.0
0.0
0.0
0.0
0.0
0.0
0.0
0.0
0.0
0.0
0.0
0.0
0.0
0.0
0.0
0.0
0.0
0.0
0.0
0.0
0.0
0.0
0.0
0.0
0.0
0.0
0.0
0.0
0.0
0.0
0.0
0.0
0.0
0.0
0.0
0.0
0.0
0.0
0.0
0.0
0.0
0.0
0.0
0.0
0.0
0.0
0.0
0.0
0.0
0.0
0.0
0.0
0.0
0.0
0.0
0.0
0.0
0.0
0.0
0.0
0.0
0.0
0.0
0.0
0.0
0.0
0.0
0.0
0.0
0.0
0.0
0.0
0.0
0.0
0.0
0.0
0.0
0.0
0.0
0.0
0.0
0.0
0.0
0.0
0.0
0.0
0.0
0.0
0.0
0.0
0.0
0.0
0.0
0.0
0.0
0.0
0.0
0.0
0.0
0.0
0.0
0.0
0.0
0.0
0.0
0.0
0.0
0.0
0.0
0.0
0.0
0.0
0.0
0.0
0.0
0.0
0.0
0.0
0.0
0.0
0.0
0.0
0.0
0.0
0.0
0.0
0.0
0.0
0.0
0.0
0.0
0.0
0.0
0.0
0.0
0.0
0.0
0.0
0.0
0.0
0.0
0.0
0.0
0.0
0.0
0.0
0.0
0.0
0.0
0.0
0.0
0.0
0.0
0.0
0.0
0.0
0.0
0.0
0.0
0.0
0.0
0.0
0.0
0.0
0.0
0.0
0.0
0.0
0.0
0.0
0.0
0.0
0.0
0.0
0.0
0.0
0.0
0.0
0.0
0.0
0.0
0.0
0.0
0.0
0.0
0.0
0.0
0.0
0.0
0.0
0.0
0.0
0.0
0.0
0.0
0.0
0.0
0.0
0.0
0.0
0.0
0.0
0.0
0.0
0.0
0.0
0.0
0.0
0.0
0.0
0.0
0.0
0.0
0.0
0.0
0.0
0.0
0.0
0.0
0.0
0.0
0.0
0.0
0.0
0.0
0.0
0.0
0.0
0.0
0.0
0.0
0.0
0.0
0.0
0.0
0.0
0.0
0.0
0.0
0.0
0.0
0.0
0.0
0.0
0.0
0.0
0.0
0.0
0.0
0.0
0.0
0.0
0.0
0.0
1.0
1.0
1.0
1.0
1.0
1.0
1.0
1.0
1.0
1.0
1.0
1.0
1.0
1.0
1.0
1.0
1.0
1.0
1.0
1.0
1.0
1.0
1.0
1.0
1.0
1.0
1.0
1.0
1.0
1.0
1.0
1.0
1.0
1.0
1.0
1.0
1.0
1.0
0.9462688542637085
0.890430096934919
0.8365933932462926
0.7861218142229518
0.7395648503461381
0.6946322920374182
0.6534724112785746
0.614273986313064
0.5774306300644958
0.5427802536558737
0.5102221663430004
0.47949314858842307
0.4506825054697359
0.4237609950191512
0.3983631255640554
0.3744564142619802
0.3519155835251677
0.33087212256867105
0.31099307338636173
0.2921365184102207
0.2744122043753374
0.2581764306796601
0.2424621452887532
0.22823983471510623
0.21452750498119144
0.20167355320148106
0.18954806795325752
0.17809208221211037
0.16750597508279164
0.1573327609954589
0.14793211279270402
0.13910827883934118
0.13075277623900838
0.12260789292086072
0.1154292841637119
0.10783822504016882
0.09995090490926417
0.09431772788108361
0.08921258450887493
0.08478797040379682
0.07959529903659801
0.0738003234925877
0.06795728034749082
0.06393801583765146
0.06091464128679647
0.055831235563253756
0.0522533434462904
0.04988106978070839
0.046733061785396046
0.04384063762816659
0.040738482877724636
0.03770153406125276
0.03460684963370575
0.031334738016713715
0.029975961625062997
0.029052872204523794
0.027813872222246516
0.02552366800769512
0.023963028427557376
0.022488137656525353
0.020749871180562707
0.01957714448608927
0.01848712511815087
0.01756534349242367
0.01641813492626376
0.015292019701043102
0.013733805457274428
0.012798974160789012
0.012478223606420258
0.011569981243107819
0.01091808893053603
0.010359971778738597
0.009766959708988221
0.008442810201957585
0.008092277338768383
0.007817797837441631
0.007352624112632711
0.0068580831953113375
0.0065331388466560725
0.006122715292899983
0.005767086681638389
0.0052293053872087825
0.005066243617832811
0.004796137244648335
0.004507163261065372
0.00423170536421047
0.00396802983418576
0.003740163419500675
0.0035164829461984404
0.003307945022038794
0.003107826322966023
0.0029183875884744026
0.0027467026989160814
0.002576394002344884
0.002427785947396899
0.002277277396927957
0.0021374936012956702
0.0020081764354138443
0.0018905260533852442
0.0017764221813063585
0.0016707389854708765
0.0015658986438822353
0.0014749706051540024
0.0013829373952933821
0.0013040690564736224
0.0012240001814181056
0.0011497243497697873
0.0010827866623013271
0.0010186435714931719
0.000956439918443408
0.0008986626054920954
0.000844311814629517
0.0007934229125794445
0.0007446682012628436
0.0007023238056800274
0.0006597020073026982
0.0006191167571856226
0.0005837328972209122
0.000548289826516779
0.0005162581975284297
0.00048370354319793307
0.0004561290166140708
0.00042826334693790713
0.0004022661600751043
0.00036988251934566563
0.00034669909991791314
0.0003253960639053588
0.0002911785945252099
0.0002632656841328185
0.000259702733899303
0.0002475647117190505
0.00022674542901235384
0.0002010571875179501
0.00018566314695034336
0.0001653245896737765
0.00015770543907933643
0.0001307448664853439
0.00012139765880370135
0.00011701799079943953
0.00011151497665506938
0.00010490533881934994
9.882117325688e-05
9.167447541713614e-05
8.762706016263166e-05
8.263631878513422e-05
7.761352962631918e-05
7.296514667887166e-05
6.854447884308001e-05
6.438705193900773e-05
6.0412166222434394e-05
5.682969686660044e-05
5.3533904059932524e-05
5.0219855609157094e-05
4.7353876748701396e-05
4.4459356825399254e-05
4.1845712166477256e-05
3.929279900205529e-05
3.6952738360795934e-05
3.470315024856063e-05
3.2651377850356766e-05
3.067116255328628e-05
2.8850107057110108e-05
2.7116381222658248e-05
2.55092409822133e-05
2.396110198432666e-05
2.250447736251715e-05
2.1145626412977236e-05
1.986320295621624e-05
1.8705102743155066e-05
1.758260578732518e-05
1.652805243423927e-05
1.5547610017208058e-05
1.4611485619653308e-05
1.3737648352218912e-05
1.291476761267063e-05
1.2140640146984794e-05
1.1408710332005967e-05
1.0723944022572596e-05
1.0082702786462505e-05
9.471655909365495e-06
8.90468864866989e-06
8.363635847885575e-06
7.872056794866467e-06
7.400670476442883e-06
6.951240932195901e-06
6.534360833754249e-06
6.141667965753328e-06
5.774158784888073e-06
0.0
0.0
0.0
0.0
0.0
0.0
0.0
0.0
0.0
0.0
0.0
0.0
0.0
0.0
0.0
0.0
0.0
0.0
0.0
0.0
0.0
0.0
0.0
0.0
0.0
0.0
0.0
0.0
0.0
0.0
0.0
0.0
0.0
0.0
0.0
0.0
0.0
0.0
0.0
0.0
0.0
0.0
0.0
0.0
0.0
0.0
0.0
0.0
0.0
0.0
0.0
0.0
0.0
0.0
0.0
0.0
0.0
0.0
0.0
0.0
0.0
0.0
0.0
0.0
0.0
0.0
0.0
0.0
0.0
0.0
0.0
0.0
0.0
0.0
0.0
0.0
0.0
0.0
0.0
0.0
0.0
0.0
0.0
0.0
0.0
0.0
0.0
0.0
0.0
0.0
0.0
0.0
0.0
0.0
0.0
0.0
0.0
0.0
0.0
0.0
0.0
0.0
0.0
0.0
0.0
0.0
0.0
0.0
0.0
0.0
0.0
0.0
0.0
0.0
0.0
0.0
0.0
0.0
0.0
0.0
0.0
0.0
0.0
0.0
0.0
0.0
0.0
0.0
0.0
0.0
0.0
0.0
0.0
0.0
0.0
0.0
0.0
0.0
0.0
0.0
0.0
0.0
0.0
0.0
0.0
0.0
0.0
0.0
0.0
0.0
0.0
0.0
0.0
0.0
0.0
0.0
0.0
0.0
0.0
0.0
0.0
0.0
0.0
0.0
0.0
0.0
0.0
0.0
0.0
0.0
0.0
0.0
0.0
0.0
0.0
0.0
0.0
0.0
0.0
0.0
0.0
0.0
0.0
0.0
0.0
0.0
0.0
0.0
0.0
0.0
0.0
0.0
0.0
0.0
0.0
0.0
0.0
0.0
0.0
0.0
0.0
0.0
0.0
0.0
0.0
0.0
0.0
0.0
0.0
0.0
0.0
0.0
0.0
0.0
0.0
0.0
0.0
0.0
0.0
0.0
0.0
0.0
0.0
0.0
0.0
0.0
0.0
0.0
0.0
0.0
0.0
0.0
0.0
0.0
0.0
0.0
0.0
0.0
0.0
0.0
0.0
0.0
0.0
0.0
0.0
0.0
0.0
0.0
0.0
0.0
0.0
0.0
0.0
0.0
0.0
0.0
0.0
0.0
0.0
0.0
0.0
0.0
0.0
0.0
0.0
0.0
0.0
0.0
0.0
0.0
0.0
0.0
0.0
0.0
0.0
0.0
0.0
0.0
0.0
1.0
1.0
1.0
1.0
1.0
1.0
1.0
1.0
1.0
1.0
1.0
1.0
1.0
1.0
1.0
1.0
1.0
1.0
1.0
1.0
1.0
1.0
1.0
1.0
1.0
1.0
1.0
1.0
1.0
1.0
1.0
1.0
1.0
1.0
1.0
1.0
0.98165387172432
0.9216939820455394
0.8671930555527689
0.8149832640466848
0.7663147780702859
0.7210486560874472
0.6767350101995762
0.6369596380629687
0.5976383361183544
0.5626943508889157
0.52740251007166
0.4963206760236014
0.4671302008273246
0.4388347792282339
0.4128925609825105
0.38809770206741323
0.36462443532499567
0.34290785543501645
0.3214771774846783
0.3020375940121385
0.28463843449373005
0.2674004974972748
0.2510398226743229
0.2362227695117669
0.22225342894708877
0.20880622081728095
0.19618017637039475
0.18450051894532127
0.17348047973711278
0.16323766136316653
0.1531520518386218
0.14410099530303544
0.13534021966451082
0.12719360191130935
0.11937185171275022
0.11241066546806255
0.10564436175652947
0.09942227437856221
0.09334530857462031
0.08778690332049965
0.08246786500076286
0.07762088715770776
0.07290912077919476
0.06853075892724281
0.06451380245103255
0.06055539681714439
0.05695624805186217
0.05348895899120709
0.05027786273476398
0.04730322225836847
0.04445329007008514
0.04178843979959712
0.03929830846037863
0.03688815892182706
0.0346951630382657
0.03258944906047123
0.030657976700894984
0.028774733223941418
0.02707991812639765
0.025461861064042246
0.02394306054233386
0.022524846461604575
0.02115168181614724
0.019861649625885214
0.0186786035746076
0.01756560124983597
0.016514704726486862
0.015544691414672407
0.01461043836149134
0.013718738470545055
0.012898590579809799
0.012137868058219148
0.01137191736194243
0.010719486354422436
0.010072456871729862
0.009468889671937042
0.008905948462584412
0.008371010174514915
0.007858424090412264
0.0073980513600604425
0.006951417535000282
0.006535843164958699
0.0061444941191028946
0.00578002103855102
0.005428484205002526
0.00510357672267947
0.004795346002368639
0.004495783806622633
0.004236860647485408
0.003985034784865782
0.0037454537762942053
0.0035199871971416385
0.003310756130955106
0.0031124458718752024
0.002926070745599141
0.002751024942079461
0.00258308460799217
0.0024283103112177074
0.002283971643451288
0.002147215506700384
0.0020168444399439878
0.0018964034917638983
0.0017823418763542875
0.001675313565610459
0.0015751229425839952
0.0014806689626967184
0.001391648745976859
0.0013083337693489128
0.001229736560156347
0.0011556341353200494
0.0010859389962520893
0.001021433047061926
0.0009594784341659945
0.0009030284032123248
0.0008475910922074448
0.0007978825176069293
0.0007502361013544956
0.0007049308286619649
0.0006627414798900944
0.0006230630414494343
0.0005850825390263381
0.000550113267324015
0.000517027188959851
0.0004861201515291569
0.00045695717168303673
0.00042950941688335575
0.0004037844142290581
0.0003795009003129124
0.0003568011602199661
0.00033533543867481086
0.0003153731748648525
0.0002963596914158373
0.00027848717492151565
0.00026177625679313365
0.00024612529836876007
0.0002315043033371822
0.00021746200236893998
0.0002044268210861233
0.0001921578755750275
0.00018058974472001665
0.00016979539331263283
0.00015968347656514226
0.0001500594492442886
0.00014102210090616296
0.0001325475072393445
0.0001245765083988104
0.00011712876662262062
0.00011008173546134259
0.00010295495804246713
9.729099997191071e-05
9.149436716970882e-05
8.593433865033973e-05
8.082061989700406e-05
7.593784038295581e-05
7.137588829042585e-05
6.712110306938968e-05
6.30876671126046e-05
5.930102546702898e-05
5.5773004544512617e-05
5.2394893892859784e-05
4.9260389276106764e-05
4.630288909712732e-05
4.350669088015735e-05
4.0892540892123463e-05
3.845743669916857e-05
3.614427495168826e-05
3.3995652501950246e-05
3.194256319805078e-05
3.004469197254167e-05
2.8240406067858714e-05
2.654725421624704e-05
2.4934694835998528e-05
2.3456154704781795e-05
2.2037218255555047e-05
2.0710623112485393e-05
1.947026472226554e-05
1.8297746263051806e-05
1.7204648416146995e-05
1.6172435576500277e-05
1.5202398981450926e-05
1.4288304851284295e-05
1.3431696683774419e-05
1.2626680569560733e-05
1.1867966819956166e-05
1.1152755647891865e-05
1.0485339505983404e-05
9.857376718436228e-06
9.265865508645277e-06
8.71094820542595e-06
8.190508929750706e-06
7.700601828197762e-06
0.0
0.0
0.0
0.0
0.0
0.0
0.0
0.0
0.0
0.0
0.0
0.0
0.0
0.0
0.0
0.0
0.0
0.0
0.0
0.0
0.0
0.0
0.0
0.0
0.0
0.0
0.0
0.0
0.0
0.0
0.0
0.0
0.0
0.0
0.0
0.0
0.0
0.0
0.0
0.0
0.0
0.0
0.0
0.0
0.0
0.0
0.0
0.0
0.0
0.0
0.0
0.0
0.0
0.0
0.0
0.0
0.0
0.0
0.0
0.0
0.0
0.0
0.0
0.0
0.0
0.0
0.0
0.0
0.0
0.0
0.0
0.0
0.0
0.0
0.0
0.0
0.0
0.0
0.0
0.0
0.0
0.0
0.0
0.0
0.0
0.0
0.0
0.0
0.0
0.0
0.0
0.0
0.0
0.0
0.0
0.0
0.0
0.0
0.0
0.0
0.0
0.0
0.0
0.0
0.0
0.0
0.0
0.0
0.0
0.0
0.0
0.0
0.0
0.0
0.0
0.0
0.0
0.0
0.0
0.0
0.0
0.0
0.0
0.0
0.0
0.0
0.0
0.0
0.0
0.0
0.0
0.0
0.0
0.0
0.0
0.0
0.0
0.0
0.0
0.0
0.0
0.0
0.0
0.0
0.0
0.0
0.0
0.0
0.0
0.0
0.0
0.0
0.0
0.0
0.0
0.0
0.0
0.0
0.0
0.0
0.0
0.0
0.0
0.0
0.0
0.0
0.0
0.0
0.0
0.0
0.0
0.0
0.0
0.0
0.0
0.0
0.0
0.0
0.0
0.0
0.0
0.0
0.0
0.0
0.0
0.0
0.0
0.0
0.0
0.0
0.0
0.0
0.0
0.0
0.0
0.0
0.0
0.0
0.0
0.0
0.0
0.0
0.0
0.0
0.0
0.0
0.0
0.0
0.0
0.0
0.0
0.0
0.0
0.0
0.0
0.0
0.0
0.0
0.0
0.0
0.0
0.0
0.0
0.0
0.0
0.0
0.0
0.0
0.0
0.0
0.0
0.0
0.0
0.0
0.0
0.0
0.0
0.0
0.0
0.0
0.0
0.0
0.0
0.0
0.0
0.0
0.0
0.0
0.0
0.0
0.0
0.0
0.0
0.0
0.0
0.0
0.0
0.0
0.0
0.0
0.0
0.0
0.0
0.0
0.0
0.0
0.0
0.0
0.0
0.0
0.0
0.0
0.0
0.0
0.0
0.0
0.0
1.0
1.0
1.0
1.0
1.0
1.0
1.0
1.0
1.0
1.0
1.0
1.0
1.0
1.0
1.0
1.0
1.0
1.0
1.0
1.0
1.0
1.0
1.0
1.0
1.0
1.0
1.0
1.0
1.0
1.0
1.0
1.0
1.0
1.0
1.0
1.0
0.9883194601484004
0.9291107237701017
0.8724682317840373
0.8208107123613759
0.7716936127444574
0.7247684984084377
0.6798496081547971
0.6399043917720388
0.6021748865440637
0.5664395164249751
0.5316168088222648
0.4992236742222653
0.4696406877196755
0.4401413256654019
0.4147172478165553
0.39000510963104107
0.3673373730509053
0.34546205780160166
0.3245091898011947
0.30506809735737495
0.28673256509645784
0.2695008612130221
0.25312019461720414
0.2381690985201148
0.2238556025104903
0.21043036378353408
0.19782659926725277
0.1859424511865737
0.17478497812197435
0.16419387887697257
0.15439232199353414
0.14516644822479607
0.1364505646701808
0.12826579859835618
0.12054764787271965
0.11332343204972206
0.1063121770363975
0.10008156691798975
0.09417372399998358
0.08848130096255646
0.08311300594158144
0.07820005985504341
0.07349772916383701
0.06907531494177466
0.06495107932074662
0.061082743722906674
0.05736361081244912
0.05387928772809092
0.05070073733820424
0.04766105068219817
0.04477037745525125
0.04210678623373898
0.03958141993947084
0.03721220834383532
0.03496022745631677
0.03288371580223215
0.030911884559959635
0.029052449331235852
0.02731142203806458
0.025674734273189337
0.02412481475195083
0.022651980336455768
0.02133061104149947
0.020043530503500495
0.018836027650977805
0.017707745450757262
0.01664189996094878
0.015657427067126584
0.014707808158253677
0.01383535039130468
0.012998553534555146
0.012226275672827303
0.011485470469228876
0.010794978456310833
0.01014850649028265
0.00953869978477373
0.008966505425491711
0.008426711218402438
0.007917863081740695
0.007446736753756955
0.007001919486832708
0.006581251446061476
0.0061840169806548495
0.005815842624727896
0.005465764956941843
0.005135710039458452
0.004830669200527105
0.004542435342618223
0.0042686098905702075
0.0040143890721613396
0.0037712584739475474
0.0035435094593982974
0.0033311121402346267
0.0031304697290481798
0.0029446804202390986
0.002767796765437147
0.0026015413028916967
0.0024454494490884215
0.0022980936103644822
0.002161993888248226
0.00203058737695061
0.0019090110342228073
0.00179559103800786
0.0016864772082212376
0.0015854210316499362
0.0014902168157826523
0.0014001054018217829
0.0013170961487718458
0.0012386949204956643
0.0011635708482460316
0.0010945313959078717
0.0010278940041179574
0.0009661869367580955
0.000908237343815177
0.0008540758433857043
0.0008031649460531476
0.0007544904998764146
0.0007090815042301024
0.0006667962654423043
0.0006268218960099325
0.0005890229560887583
0.0005538625972585365
0.0005206457292499245
0.000489435506466851
0.00046023124219107814
0.0004321910094384762
0.00040623849252741095
0.00038198215463269847
0.0003591794472446175
0.00033761525428177563
0.00031732876392753795
0.00029828345888249785
0.00028028338248420326
0.0002635161410471376
0.00024794462970278985
0.0002328378543450249
0.0002189373785594917
0.00020581561198484977
0.00019356556555027993
0.00018177607539104912
0.00017093433948689452
0.00016065973616052887
0.00015112843344100568
0.00014198614555471778
0.00013328555260416763
0.00012553625860123319
0.00011793679816296532
0.00011077152183291972
0.00010420258006194061
9.791209329579331e-05
9.210339374110532e-05
8.657767642050729e-05
8.130916854032222e-05
7.65198568655201e-05
7.188864403717687e-05
6.753600518338843e-05
6.349211533063226e-05
5.973994083818823e-05
5.610665321942321e-05
5.2773584745313684e-05
4.9619331861538996e-05
4.6607476130056114e-05
4.3809939743955084e-05
4.1165527094655374e-05
3.873478085880677e-05
3.6384550352597245e-05
3.419529050407988e-05
3.218013672823261e-05
3.021607035424978e-05
2.8405560887012626e-05
2.6702251539223454e-05
2.5105991476426226e-05
2.360079037888596e-05
2.2183983955148534e-05
2.0851588587778025e-05
1.9582482505331456e-05
1.840216286286278e-05
1.731675250571385e-05
1.6285815228833656e-05
1.5311076940083268e-05
1.4393231745124524e-05
1.3515687343534921e-05
1.2709816918476946e-05
1.1950637440083511e-05
1.123257382928955e-05
1.0565306375998063e-05
9.924414890338795e-06
9.323182322606982e-06
8.768217284682578e-06
8.246275648549073e-06
7.725243297507234e-06
0.0
0.0
0.0
0.0
0.0
0.0
0.0
0.0
0.0
0.0
0.0
0.0
0.0
0.0
0.0
0.0
0.0
0.0
0.0
0.0
0.0
0.0
0.0
0.0
0.0
0.0
0.0
0.0
0.0
0.0
0.0
0.0
0.0
0.0
0.0
0.0
0.0
0.0
0.0
0.0
0.0
0.0
0.0
0.0
0.0
0.0
0.0
0.0
0.0
0.0
0.0
0.0
0.0
0.0
0.0
0.0
0.0
0.0
0.0
0.0
0.0
0.0
0.0
0.0
0.0
0.0
0.0
0.0
0.0
0.0
0.0
0.0
0.0
0.0
0.0
0.0
0.0
0.0
0.0
0.0
0.0
0.0
0.0
0.0
0.0
0.0
0.0
0.0
0.0
0.0
0.0
0.0
0.0
0.0
0.0
0.0
0.0
0.0
0.0
0.0
0.0
0.0
0.0
0.0
0.0
0.0
0.0
0.0
0.0
0.0
0.0
0.0
0.0
0.0
0.0
0.0
0.0
0.0
0.0
0.0
0.0
0.0
0.0
0.0
0.0
0.0
0.0
0.0
0.0
0.0
0.0
0.0
0.0
0.0
0.0
0.0
0.0
0.0
0.0
0.0
0.0
0.0
0.0
0.0
0.0
0.0
0.0
0.0
0.0
0.0
0.0
0.0
0.0
0.0
0.0
0.0
0.0
0.0
0.0
0.0
0.0
0.0
0.0
0.0
0.0
0.0
0.0
0.0
0.0
0.0
0.0
0.0
0.0
0.0
0.0
0.0
0.0
0.0
0.0
0.0
0.0
0.0
0.0
0.0
0.0
0.0
0.0
0.0
0.0
0.0
0.0
0.0
0.0
0.0
0.0
0.0
0.0
0.0
0.0
0.0
0.0
0.0
0.0
0.0
0.0
0.0
0.0
0.0
0.0
0.0
0.0
0.0
0.0
0.0
0.0
0.0
0.0
0.0
0.0
0.0
0.0
0.0
0.0
0.0
0.0
0.0
0.0
0.0
0.0
0.0
0.0
0.0
0.0
0.0
0.0
0.0
0.0
0.0
0.0
0.0
0.0
0.0
0.0
0.0
0.0
0.0
0.0
0.0
0.0
0.0
0.0
0.0
0.0
0.0
0.0
0.0
0.0
0.0
0.0
0.0
0.0
0.0
0.0
0.0
0.0
0.0
0.0
0.0
0.0
0.0
0.0
0.0
0.0
0.0
0.0
0.0
0.0
0.0
0.0
1.0
1.0
1.0
1.0
1.0
1.0
1.0
1.0
1.0
1.0
1.0
1.0
1.0
1.0
1.0
1.0
1.0
1.0
1.0
1.0
1.0
1.0
1.0
1.0
1.0
1.0
1.0
1.0
1.0
1.0
1.0
1.0
1.0
1.0
1.0
1.0
0.9813191371764003
0.9222273763415539
0.8667712804100286
0.8150784974221255
0.7659191407526339
0.7201792462227924
0.6762215935531668
0.636075088436532
0.5979832101839381
0.5626962568299777
0.5288630067287815
0.4968442441030848
0.46733080168372354
0.4392043384919165
0.4125769869370305
0.3878724463154814
0.364584763060024
0.3427432992832716
0.32217748801499474
0.30288994608199105
0.284592152416214
0.26750439719237307
0.25146671676767435
0.23644852549888382
0.22239931213226172
0.20891961865614403
0.19652682861367507
0.18430425914492432
0.1735377203776035
0.16306914763543745
0.15337520862978335
0.1440779838531628
0.13553754236173277
0.12733684065038373
0.11968756128157054
0.1124846417623334
0.10577142765729973
0.09940626179802435
0.09341616173771526
0.0878554544792084
0.08263620792387015
0.07760328108202429
0.07297063991704276
0.0685197709252857
0.06434884502228853
0.060603375453575394
0.05695957326307975
0.05354202279031481
0.05031791064580303
0.04730661909090114
0.044508867792569885
0.0418431293300766
0.039297077007575884
0.03696845404504599
0.03475069504518045
0.032664216748735965
0.030704001171007446
0.028849924708294155
0.027121610537798366
0.025486279942055302
0.023961692205099458
0.022538014013538814
0.021182099594107755
0.019898360104645275
0.01870512588936278
0.0175831258482698
0.01653600744951431
0.015535010821602222
0.014604804200826308
0.013729384350434784
0.012912430514870987
0.012131114839332028
0.0114030084807669
0.010723941537045346
0.010069742282618236
0.0094769303111991
0.008899707337822617
0.008365943296373062
0.007866747459879787
0.0073925199414591565
0.006948528742182972
0.006536186370152834
0.0061359905694483375
0.005774838313791534
0.005427360864101431
0.005104381658399417
0.004794914320990087
0.00450713689330682
0.0042354181962745785
0.0039802778747573915
0.0037437841648798403
0.003518575780181535
0.0033077977499590214
0.003109222315378005
0.002922003721651392
0.0027465905786324485
0.002581026043619075
0.00242930243619908
0.002280296798528794
0.002145141053348268
0.002015248086160695
0.0018950551801434152
0.0017802536090566286
0.0016747199614829207
0.0015749497925635432
0.0014810258319083254
0.0013920078856673819
0.0013084930083993944
0.0012290161898650203
0.0011559369677388378
0.0010867612145527368
0.0010215806458627546
0.000958588430436705
0.0009024885745613025
0.0008473102065141651
0.0007970060604566092
0.0007496940258607614
0.0007042143475724877
0.000662032387016878
0.0006226474844846869
0.0005850582422733757
0.0005498838035729952
0.0005167204653463237
0.0004858471099470157
0.00045662328880622657
0.0004292530422996627
0.00040355807537748864
0.00037930488073909804
0.0003564517761641489
0.00033458758740776686
0.0003148717193833611
0.0002960965862835813
0.0002784249848178738
0.00026171118309745997
0.0002459195878873138
0.00023121794394596326
0.00021739994342438168
0.00020447006874589052
0.00019221229259356592
0.0001806542403325145
0.00016978329193149394
0.00015949111366451435
0.00014993690057450154
0.00014091950918269363
0.0001324846141318253
0.00012453511598407293
0.00011705194283449232
0.00011005156690400415
0.00010344166510121427
9.723081443722408e-05
9.141014989309243e-05
8.592380227865623e-05
8.072072767460188e-05
7.59066209684383e-05
7.138731520326674e-05
6.707644083290548e-05
6.305344007016262e-05
5.928520759566342e-05
5.57036185436593e-05
5.229022557627078e-05
4.9157709544814184e-05
4.6268277384611765e-05
4.349670569423753e-05
4.0894641416414026e-05
3.843794736111678e-05
3.613457873284092e-05
3.396684433197012e-05
3.1909380859487755e-05
3.0030218273949193e-05
2.8225520421457043e-05
2.6533296602607114e-05
2.4927650607778295e-05
2.3431382836760994e-05
2.2021962622445437e-05
2.0705434640702572e-05
1.9472937844525143e-05
1.8289164711673914e-05
1.7193396076733927e-05
1.6159896223924496e-05
1.5186251489310247e-05
1.4284874265782454e-05
1.3406425609743756e-05
1.2612731162689408e-05
1.1863444119611323e-05
1.1148426513599098e-05
1.045648245776848e-05
9.846056223763946e-06
9.268025572864384e-06
8.712747004849197e-06
8.18873748285315e-06
7.691529625744543e-06
7.2356315899773675e-06
0.0
0.0
0.0
0.0
0.0
0.0
0.0
0.0
0.0
0.0
0.0
0.0
0.0
0.0
0.0
0.0
0.0
0.0
0.0
0.0
0.0
0.0
0.0
0.0
0.0
0.0
0.0
0.0
0.0
0.0
0.0
0.0
0.0
0.0
0.0
0.0
0.0
0.0
0.0
0.0
0.0
0.0
0.0
0.0
0.0
0.0
0.0
0.0
0.0
0.0
0.0
0.0
0.0
0.0
0.0
0.0
0.0
0.0
0.0
0.0
0.0
0.0
0.0
0.0
0.0
0.0
0.0
0.0
0.0
0.0
0.0
0.0
0.0
0.0
0.0
0.0
0.0
0.0
0.0
0.0
0.0
0.0
0.0
0.0
0.0
0.0
0.0
0.0
0.0
0.0
0.0
0.0
0.0
0.0
0.0
0.0
0.0
0.0
0.0
0.0
0.0
0.0
0.0
0.0
0.0
0.0
0.0
0.0
0.0
0.0
0.0
0.0
0.0
0.0
0.0
0.0
0.0
0.0
0.0
0.0
0.0
0.0
0.0
0.0
0.0
0.0
0.0
0.0
0.0
0.0
0.0
0.0
0.0
0.0
0.0
0.0
0.0
0.0
0.0
0.0
0.0
0.0
0.0
0.0
0.0
0.0
0.0
0.0
0.0
0.0
0.0
0.0
0.0
0.0
0.0
0.0
0.0
0.0
0.0
0.0
0.0
0.0
0.0
0.0
0.0
0.0
0.0
0.0
0.0
0.0
0.0
0.0
0.0
0.0
0.0
0.0
0.0
0.0
0.0
0.0
0.0
0.0
0.0
0.0
0.0
0.0
0.0
0.0
0.0
0.0
0.0
0.0
0.0
0.0
0.0
0.0
0.0
0.0
0.0
0.0
0.0
0.0
0.0
0.0
0.0
0.0
0.0
0.0
0.0
0.0
0.0
0.0
0.0
0.0
0.0
0.0
0.0
0.0
0.0
0.0
0.0
0.0
0.0
0.0
0.0
0.0
0.0
0.0
0.0
0.0
0.0
0.0
0.0
0.0
0.0
0.0
0.0
0.0
0.0
0.0
0.0
0.0
0.0
0.0
0.0
0.0
0.0
0.0
0.0
0.0
0.0
0.0
0.0
0.0
0.0
0.0
0.0
0.0
0.0
0.0
0.0
0.0
0.0
0.0
0.0
0.0
0.0
0.0
0.0
0.0
0.0
0.0
0.0
0.0
0.0
0.0
0.0
0.0
0.0
1.0
1.0
1.0
1.0
1.0
1.0
1.0
1.0
1.0
1.0
1.0
1.0
1.0
1.0
1.0
1.0
1.0
1.0
1.0
1.0
1.0
1.0
1.0
1.0
1.0
1.0
1.0
1.0
1.0
1.0
1.0
1.0
1.0
1.0
1.0
1.0
0.9818346904454431
0.9219201314530077
0.8673882422247168
0.8160310344430686
0.766954942883427
0.7210232844993429
0.6773279323553725
0.6370820942944069
0.5987800307367661
0.5627878421132029
0.5285045739254928
0.4969339822975418
0.4673199470234941
0.4394758469335689
0.41227299437867915
0.3865440922183727
0.3647240338332094
0.34299029577363926
0.32247615594031176
0.30305620971153546
0.28458646664853804
0.26780143731929273
0.25160808427981296
0.23657624237203878
0.222085298882011
0.20889639030459906
0.19619924155324941
0.18461680340228215
0.17353611763142185
0.16318324786493266
0.15340421729504117
0.1439360507099896
0.13546545154908118
0.1273609651540335
0.11963653280631847
0.11257670204530656
0.10575647200572691
0.09953737594912271
0.09341084050571569
0.08777791461395257
0.08261503520758895
0.07764882898986913
0.07304125463299416
0.06863697202655716
0.06454856960561273
0.060654304053422425
0.0569786385615747
0.05357387203731934
0.05036097621372848
0.04733357337730881
0.044524438451269965
0.041860099616301216
0.03935025929832481
0.03694134345678579
0.03476776061505493
0.03266555091618617
0.0307143336835094
0.02884293139120775
0.02712307815591064
0.02551262640424712
0.02397704846436044
0.02253109433415945
0.021165201716020654
0.019892494536521532
0.018714342848650478
0.017603098270339235
0.01654676450809278
0.015549611140699415
0.014616251951821813
0.013730224697554139
0.012904076528294173
0.012137318881798809
0.01140651780362223
0.01073068299253821
0.010086985589524478
0.009478669547835938
0.00891262008489635
0.008375418504617205
0.007871128526151239
0.007396604319457101
0.006950105771555304
0.006539337423195679
0.0061466609354465795
0.00577933869074343
0.0054327909333768964
0.005102675541498236
0.004799603250297935
0.004508866227500796
0.004238730583193462
0.00398374474325891
0.003747668189124642
0.0035198772713478377
0.003311525176024066
0.00309097819537385
0.0029264755939810705
0.002747814610146726
0.002577315791139956
0.0024266741058238672
0.002282369794646577
0.0021470809100003763
0.002017112992465986
0.0018970880725999173
0.0017834350024839019
0.0016764623952463253
0.0015760066226495617
0.0014811535608605375
0.001392472127858646
0.0013081483881589584
0.0012287873946670302
0.0011566567144472018
0.0010866159222975291
0.0010219510393132403
0.000960675979141179
0.0009024848954166664
0.0008488012673000256
0.0007977062490285292
0.0007491312990492993
0.0007048792592034836
0.0006626343790512301
0.0006224628324571491
0.0005852161629218422
0.0005504260920159432
0.0005170900531550338
0.00048624534191477053
0.00045716088710934244
0.0004294978898227164
0.00040391172986220525
0.00037957882705130785
0.000356976570455636
0.0003353509012606892
0.0003148322551571603
0.0002965059199593334
0.0002785970987848607
0.00026187191199555926
0.0002460748607622243
0.00023132699393402234
0.00021759266615761774
0.00020454307257766757
0.00019216869940752446
0.00018062630939441604
0.00016984651679807783
0.00015959449951896687
0.00015002785940598784
0.000141067028423425
0.00013264524218614682
0.00012466129852883867
0.00011713271100477485
0.00011014654342833552
0.00010348341333044075
9.733698288005854e-05
9.150749238928668e-05
8.581930979589814e-05
8.083368333489105e-05
7.593709243325364e-05
7.139358331231804e-05
6.715590151573636e-05
6.303516570316248e-05
5.920899039724148e-05
5.569778477054754e-05
5.241991443982741e-05
4.925062423710713e-05
4.632463184650604e-05
4.354549859186818e-05
4.0936047654316354e-05
3.8477698809380456e-05
3.616115741866821e-05
3.400435845168914e-05
3.193279117086334e-05
3.0010175294581387e-05
2.823463102119561e-05
2.653505587746352e-05
2.4945786468055786e-05
2.3425502931662123e-05
2.2044514719432584e-05
2.0720373026694716e-05
1.945813058457091e-05
1.8300062042175824e-05
1.7210202213568948e-05
1.6093094526770102e-05
1.5205539765084097e-05
1.4293963702005641e-05
1.3440700691536023e-05
1.2629865960622766e-05
1.1872904544407703e-05
1.1154715871430909e-05
1.0475761780259774e-05
9.849181534793416e-06
9.262106690943739e-06
8.709075008273004e-06
8.187607992926615e-06
7.692284399229976e-06
7.237681917349192e-06
0.0
0.0
0.0
0.0
0.0
0.0
0.0
0.0
0.0
0.0
0.0
0.0
0.0
0.0
0.0
0.0
0.0
0.0
0.0
0.0
0.0
0.0
0.0
0.0
0.0
0.0
0.0
0.0
0.0
0.0
0.0
0.0
0.0
0.0
0.0
0.0
0.0
0.0
0.0
0.0
0.0
0.0
0.0
0.0
0.0
0.0
0.0
0.0
0.0
0.0
0.0
0.0
0.0
0.0
0.0
0.0
0.0
0.0
0.0
0.0
0.0
0.0
0.0
0.0
0.0
0.0
0.0
0.0
0.0
0.0
0.0
0.0
0.0
0.0
0.0
0.0
0.0
0.0
0.0
0.0
0.0
0.0
0.0
0.0
0.0
0.0
0.0
0.0
0.0
0.0
0.0
0.0
0.0
0.0
0.0
0.0
0.0
0.0
0.0
0.0
0.0
0.0
0.0
0.0
0.0
0.0
0.0
0.0
0.0
0.0
0.0
0.0
0.0
0.0
0.0
0.0
0.0
0.0
0.0
0.0
0.0
0.0
0.0
0.0
0.0
0.0
0.0
0.0
0.0
0.0
0.0
0.0
0.0
0.0
0.0
0.0
0.0
0.0
0.0
0.0
0.0
0.0
0.0
0.0
0.0
0.0
0.0
0.0
0.0
0.0
0.0
0.0
0.0
0.0
0.0
0.0
0.0
0.0
0.0
0.0
0.0
0.0
0.0
0.0
0.0
0.0
0.0
0.0
0.0
0.0
0.0
0.0
0.0
0.0
0.0
0.0
0.0
0.0
0.0
0.0
0.0
0.0
0.0
0.0
0.0
0.0
0.0
0.0
0.0
0.0
0.0
0.0
0.0
0.0
0.0
0.0
0.0
0.0
0.0
0.0
0.0
0.0
0.0
0.0
0.0
0.0
0.0
0.0
0.0
0.0
0.0
0.0
0.0
0.0
0.0
0.0
0.0
0.0
0.0
0.0
0.0
0.0
0.0
0.0
0.0
0.0
0.0
0.0
0.0
0.0
0.0
0.0
0.0
0.0
0.0
0.0
0.0
0.0
0.0
0.0
0.0
0.0
0.0
0.0
0.0
0.0
0.0
0.0
0.0
0.0
0.0
0.0
0.0
0.0
0.0
0.0
0.0
0.0
0.0
0.0
0.0
0.0
0.0
0.0
0.0
0.0
0.0
0.0
0.0
0.0
0.0
0.0
0.0
0.0
0.0
0.0
0.0
0.0
0.0
0.0
1.0
1.0
1.0
1.0
1.0
1.0
1.0
1.0
1.0
1.0
1.0
1.0
1.0
1.0
1.0
1.0
1.0
1.0
1.0
1.0
1.0
1.0
1.0
1.0
1.0
1.0
1.0
1.0
1.0
1.0
1.0
1.0
1.0
1.0
1.0
1.0
0.9824279943883143
0.9226132196240586
0.8668647217780903
0.8160136396830433
0.7661677565881861
0.720939280287852
0.6775775942417299
0.636150947331001
0.5984465987581666
0.562107987704878
0.5291055822258679
0.4973660410079903
0.4670573204126649
0.4394545121699638
0.4130954943955034
0.38829595908034964
0.36501073572908727
0.34311635516956773
0.3225236506785878
0.3031629623081509
0.2847843928665137
0.26767822595745105
0.2516347012814153
0.23662210454524857
0.22205982180336736
0.20899661580072237
0.1964679671083589
0.18468315473311225
0.1736027419929984
0.1631862757171314
0.15339137882075082
0.14428509434871462
0.13559358560960977
0.12740511362556095
0.11974982981276572
0.11261282857079724
0.10589291723804539
0.09942730980579118
0.09355576144822653
0.08789587568064494
0.08261024680729623
0.0776369531387262
0.07294127470752176
0.068640178787299
0.06452374913917414
0.060676021299074456
0.05703819419186562
0.053607476960977785
0.05036495912376626
0.047371476569634474
0.04449663532945625
0.041835145701530685
0.039320385803244484
0.03695696094940093
0.034737323723885716
0.03265416191476067
0.0306980705104154
0.02885626001041519
0.027104800504763382
0.02551317360005445
0.023971211521517155
0.022523529693427413
0.021192013436611923
0.01990774185791455
0.018710454862632453
0.017589088315003387
0.01652363178445615
0.015520305986648886
0.014620399872716128
0.013744108395774113
0.012908320117856142
0.012134588462733298
0.011415062965149936
0.01071688234805368
0.010086437757402145
0.009474906737307442
0.00891247248341731
0.008376904915984973
0.00787429717009136
0.007401930538422086
0.006953401096297718
0.006536459047191023
0.006140325717255202
0.005774864225782217
0.0054324537101715364
0.005102129026139046
0.00479659854897907
0.004506456244596002
0.0042319151871810234
0.003984043458456377
0.003744162057611966
0.0035170890443270153
0.003308287282032474
0.003111987018482587
0.0029237600452640677
0.002750253428478011
0.0025834458325570964
0.002430070993665545
0.0022843701136396888
0.0021475757304836307
0.002016969412996339
0.001895716113552659
0.0017823134691079545
0.0016752512567856925
0.0015729481217165997
0.0014802754950773434
0.0013915914823003916
0.0013080705297427997
0.0012296466546866114
0.0011558542085419177
0.0010861408058682187
0.0010213309814419702
0.000960124537663809
0.0009023835330106422
0.0008467296619061315
0.0007971542175022606
0.000749489450687868
0.0007049991872820627
0.0006620462529669524
0.0006224916652124435
0.0005847958618554472
0.0005501348835190711
0.0005172408014511021
0.0004860454096489164
0.00045685445642806854
0.0004293138635036442
0.00040374608572069093
0.000379421636396593
0.00035694217998116784
0.00033533099497606855
0.00031506828487781746
0.00029626379403868697
0.0002782857668899297
0.00026193401853991105
0.0002460002635809033
0.00023131119960329016
0.0002174099335663371
0.00020438276552514623
0.00019203718399385394
0.00018053891954128432
0.00016987593742090468
0.00015969623429601398
0.00014998382261754983
0.0001409937655632021
0.00013255843593018568
0.00012464454642557854
0.00011705069482648156
0.00011006147631764662
0.00010336866455507021
9.726842088841892e-05
9.146824870942538e-05
8.594816933271687e-05
8.077384903959484e-05
7.594354716378149e-05
7.135527968049615e-05
6.715533373569116e-05
6.312780687967035e-05
5.933104060051875e-05
5.576973998078216e-05
5.2400430200272297e-05
4.9242004846128395e-05
4.626908684546294e-05
4.3513923825067025e-05
4.089974660548279e-05
3.8471987619637105e-05
3.607082782952631e-05
3.399748536825342e-05
3.191909743893717e-05
3.002081067737805e-05
2.8237007183129492e-05
2.6537741413257265e-05
2.4928893542330854e-05
2.3435943533378634e-05
2.201201595486424e-05
2.072291045696062e-05
1.9476112854910355e-05
1.8308427219615453e-05
1.720785642778111e-05
1.6143900890774887e-05
1.5196053724686465e-05
1.429445577816324e-05
1.342804368054118e-05
1.2617532626713057e-05
1.186545527875893e-05
1.1154235640908894e-05
1.0488798946717282e-05
9.8368989229769e-06
9.259505042713556e-06
8.699585195337534e-06
8.173835174041244e-06
7.689880718864117e-06
0.0
0.0
0.0
0.0
0.0
0.0
0.0
0.0
0.0
0.0
0.0
0.0
0.0
0.0
0.0
0.0
0.0
0.0
0.0
0.0
0.0
0.0
0.0
0.0
0.0
0.0
0.0
0.0
0.0
0.0
0.0
0.0
0.0
0.0
0.0
0.0
0.0
0.0
0.0
0.0
0.0
0.0
0.0
0.0
0.0
0.0
0.0
0.0
0.0
0.0
0.0
0.0
0.0
0.0
0.0
0.0
0.0
0.0
0.0
0.0
0.0
0.0
0.0
0.0
0.0
0.0
0.0
0.0
0.0
0.0
0.0
0.0
0.0
0.0
0.0
0.0
0.0
0.0
0.0
0.0
0.0
0.0
0.0
0.0
0.0
0.0
0.0
0.0
0.0
0.0
0.0
0.0
0.0
0.0
0.0
0.0
0.0
0.0
0.0
0.0
0.0
0.0
0.0
0.0
0.0
0.0
0.0
0.0
0.0
0.0
0.0
0.0
0.0
0.0
0.0
0.0
0.0
0.0
0.0
0.0
0.0
0.0
0.0
0.0
0.0
0.0
0.0
0.0
0.0
0.0
0.0
0.0
0.0
0.0
0.0
0.0
0.0
0.0
0.0
0.0
0.0
0.0
0.0
0.0
0.0
0.0
0.0
0.0
0.0
0.0
0.0
0.0
0.0
0.0
0.0
0.0
0.0
0.0
0.0
0.0
0.0
0.0
0.0
0.0
0.0
0.0
0.0
0.0
0.0
0.0
0.0
0.0
0.0
0.0
0.0
0.0
0.0
0.0
0.0
0.0
0.0
0.0
0.0
0.0
0.0
0.0
0.0
0.0
0.0
0.0
0.0
0.0
0.0
0.0
0.0
0.0
0.0
0.0
0.0
0.0
0.0
0.0
0.0
0.0
0.0
0.0
0.0
0.0
0.0
0.0
0.0
0.0
0.0
0.0
0.0
0.0
0.0
0.0
0.0
0.0
0.0
0.0
0.0
0.0
0.0
0.0
0.0
0.0
0.0
0.0
0.0
0.0
0.0
0.0
0.0
0.0
0.0
0.0
0.0
0.0
0.0
0.0
0.0
0.0
0.0
0.0
0.0
0.0
0.0
0.0
0.0
0.0
0.0
0.0
0.0
0.0
0.0
0.0
0.0
0.0
0.0
0.0
0.0
0.0
0.0
0.0
0.0
0.0
0.0
0.0
0.0
0.0
0.0
0.0
0.0
0.0
0.0
0.0
0.0
1.0
1.0
1.0
1.0
1.0
1.0
1.0
1.0
1.0
1.0
1.0
1.0
1.0
1.0
1.0
1.0
1.0
1.0
1.0
1.0
1.0
1.0
1.0
1.0
1.0
1.0
1.0
1.0
1.0
1.0
1.0
1.0
1.0
1.0
1.0
1.0
0.9822201682715224
0.9228275131013226
0.8671805157344585
0.8153752889124393
0.7663035578998221
0.7202096632407358
0.6767269603136201
0.6365392455500736
0.5983447508994337
0.5623604172492924
0.5287156981614318
0.4969466301625518
0.4667036310449051
0.43855862903326503
0.4129829160152356
0.3882068649733674
0.3643950082984495
0.34227506523070605
0.3224965014507193
0.30298378613114085
0.2849433558664005
0.26768254114553036
0.2517846073443524
0.2366732853619995
0.22224528427521495
0.20897626736964048
0.19648528738595905
0.1846090721446081
0.17352997987844265
0.16327458712720233
0.15336041704618442
0.14428407187204773
0.13560251946727453
0.1274862446724585
0.11976924476021811
0.1126364544593037
0.10587837511999698
0.0994765471643122
0.09344999911902141
0.08784566249685843
0.0826288002487674
0.07768760115031359
0.07299684399163686
0.06860728814207295
0.06448444567712874
0.060627674830603606
0.056988642833634806
0.05356174705366845
0.050362873381798234
0.04732282832116885
0.044523649899991025
0.04182763774258991
0.03931450360133715
0.036956520249693536
0.03474169233895896
0.03265806837376761
0.030698815431681847
0.02884803603729358
0.027138564835472945
0.025492232023833772
0.023964328585560857
0.022527169064969765
0.021173825054046524
0.019900504015145426
0.018710483327784466
0.017584181086033546
0.016530713820569698
0.015540142533841284
0.01460061314972938
0.01372931834788238
0.012909296642047874
0.012135780600528445
0.011405915337964423
0.010719957637935984
0.010077467053667188
0.00947139387505791
0.008907754807634838
0.008362938529931974
0.00786686790152391
0.0074010486258417885
0.006950010812045271
0.006539749715299248
0.0061423527989932225
0.005775451628193373
0.005426839476957657
0.005101796963058458
0.004794340434228328
0.0045107604713172655
0.004238116116956014
0.003983737098057993
0.0037446162992198495
0.003519915280830954
0.0033083689356394608
0.003110314812869497
0.0029237683322280716
0.0027479019075231648
0.002585379887190875
0.002427577192581243
0.0022841328656943993
0.0021471504026822075
0.002015750591479737
0.0018942269549433455
0.0017832724974033987
0.0016765754131400357
0.0015642907986235244
0.0014790915097484536
0.0013924129016418263
0.0013074263118300067
0.0012301318411873652
0.0011560587388976806
0.0010865017576100477
0.0010207738989764792
0.0009596166398440076
0.000902033824449866
0.0008476580709078085
0.0007970679369546652
0.000748954381603717
0.0007028869016116879
0.0006612820546556542
0.000621675518236664
0.0005852879165191283
0.0005501570862569416
0.0005169772664261885
0.0004857482611178021
0.0004563768513228261
0.0004284668777119194
0.00040232892424318933
0.0003785234999869047
0.0003567349901607564
0.0003353634677880635
0.0003141383200189196
0.00029497808146761173
0.0002774500649964651
0.00026141865015194554
0.00024438894000189393
0.00023026295578665312
0.00021626038912803125
0.00020396027673275086
0.00019111826835205292
0.0001799291461255237
0.00016925592877914397
0.00015923055145128373
0.00014967715784086622
0.00014063804624386833
0.00013219693664456855
0.00012436830520590192
0.00011670914780115282
0.00010954318745381997
0.00010319579927431377
9.712704419673202e-05
9.08596281710139e-05
8.568322431745656e-05
8.05591395875993e-05
7.57186210877947e-05
7.123742650794185e-05
6.689371147405865e-05
6.28889789573428e-05
5.9062926678787875e-05
5.5537110829284586e-05
5.21330513665319e-05
4.869404970708757e-05
4.613025540312066e-05
4.3487368192707265e-05
4.0885690216097004e-05
3.8414042305756624e-05
3.608885946482232e-05
3.3962538506848716e-05
3.1828565572489254e-05
3.0008995804742256e-05
2.8224365625550973e-05
2.645505516829516e-05
2.4863739154223907e-05
2.3388587433892383e-05
2.2002100704021643e-05
2.0625837625409815e-05
1.9404175004122948e-05
1.8278199239940562e-05
1.7163004995435216e-05
1.6126561985796428e-05
1.514250466305711e-05
1.4253408236353238e-05
1.3414547557655254e-05
1.2624877943956392e-05
1.186895400895338e-05
1.113480389580701e-05
1.0481082878932568e-05
9.859629078512455e-06
9.267821209579807e-06
8.689089871616318e-06
8.149914987320983e-06
7.689488623618956e-06
0.0
0.0
0.0
0.0
0.0
0.0
0.0
0.0
0.0
0.0
0.0
0.0
0.0
0.0
0.0
0.0
0.0
0.0
0.0
0.0
0.0
0.0
0.0
0.0
0.0
0.0
0.0
0.0
0.0
0.0
0.0
0.0
0.0
0.0
0.0
0.0
0.0
0.0
0.0
0.0
0.0
0.0
0.0
0.0
0.0
0.0
0.0
0.0
0.0
0.0
0.0
0.0
0.0
0.0
0.0
0.0
0.0
0.0
0.0
0.0
0.0
0.0
0.0
0.0
0.0
0.0
0.0
0.0
0.0
0.0
0.0
0.0
0.0
0.0
0.0
0.0
0.0
0.0
0.0
0.0
0.0
0.0
0.0
0.0
0.0
0.0
0.0
0.0
0.0
0.0
0.0
0.0
0.0
0.0
0.0
0.0
0.0
0.0
0.0
0.0
0.0
0.0
0.0
0.0
0.0
0.0
0.0
0.0
0.0
0.0
0.0
0.0
0.0
0.0
0.0
0.0
0.0
0.0
0.0
0.0
0.0
0.0
0.0
0.0
0.0
0.0
0.0
0.0
0.0
0.0
0.0
0.0
0.0
0.0
0.0
0.0
0.0
0.0
0.0
0.0
0.0
0.0
0.0
0.0
0.0
0.0
0.0
0.0
0.0
0.0
0.0
0.0
0.0
0.0
0.0
0.0
0.0
0.0
0.0
0.0
0.0
0.0
0.0
0.0
0.0
0.0
0.0
0.0
0.0
0.0
0.0
0.0
0.0
0.0
0.0
0.0
0.0
0.0
0.0
0.0
0.0
0.0
0.0
0.0
0.0
0.0
0.0
0.0
0.0
0.0
0.0
0.0
0.0
0.0
0.0
0.0
0.0
0.0
0.0
0.0
0.0
0.0
0.0
0.0
0.0
0.0
0.0
0.0
0.0
0.0
0.0
0.0
0.0
0.0
0.0
0.0
0.0
0.0
0.0
0.0
0.0
0.0
0.0
0.0
0.0
0.0
0.0
0.0
0.0
0.0
0.0
0.0
0.0
0.0
0.0
0.0
0.0
0.0
0.0
0.0
0.0
0.0
0.0
0.0
0.0
0.0
0.0
0.0
0.0
0.0
0.0
0.0
0.0
0.0
0.0
0.0
0.0
0.0
0.0
0.0
0.0
0.0
0.0
0.0
0.0
0.0
0.0
0.0
0.0
0.0
0.0
0.0
0.0
0.0
0.0
0.0
0.0
0.0
0.0
0.0
1.0
1.0
1.0
1.0
1.0
1.0
1.0
1.0
1.0
1.0
1.0
1.0
1.0
1.0
1.0
1.0
1.0
1.0
1.0
1.0
1.0
1.0
1.0
1.0
1.0
1.0
1.0
1.0
1.0
1.0
1.0
1.0
1.0
1.0
1.0
1.0
0.9807623637951238
0.9226913226278358
0.8665625835452121
0.8145997601372926
0.7663912709319491
0.7203267230483817
0.6764098539143377
0.6362072411995656
0.5980474395130543
0.5616741790514667
0.5281224800759305
0.4966641645766729
0.4668635381179855
0.43881200256002173
0.4121416130252641
0.38759563505292655
0.3638318739555416
0.34254037251386793
0.32097167274948796
0.30274334307139283
0.27780654180406267
0.2655474214975315
0.251296430467663
0.23198282583214228
0.22161992946357292
0.20628955137452612
0.1900022887950656
0.17629504012515587
0.1618708101427956
0.1581807889183097
0.1415532041741316
0.13547704953530518
0.1304581839155376
0.12159633427774855
0.11481884566824054
0.1088312537199713
0.10225421281624286
0.09615397338264987
0.09039445003100757
0.08495360578761937
0.07984101083280995
0.07507323258287504
0.07052993841144119
0.06632528869918422
0.06227452583984819
0.05856257267948597
0.0550092497200382
0.05174367042094166
0.04849480935374266
0.0455824087009106
0.042949050794086986
0.04037271309613436
0.03795172606708666
0.03565413747446092
0.03354815440790452
0.03155977792773403
0.029644901543457586
0.027811183389013693
0.02614766509155123
0.024611380899004633
0.023151498177293256
0.021715002690940868
0.020427699430052876
0.01921519854890055
0.01807598773737742
0.016980760683141277
0.015953846711825342
0.014995829965195691
0.014079629061002713
0.013257265754526817
0.012446863610358653
0.011712146366301164
0.011008730955056526
0.010339322351720219
0.009711861701406166
0.009142742297521572
0.00858996857459862
0.008076226918740352
0.00759353922051678
0.007135445119460874
0.006714200510580829
0.006311316227611079
0.005919080133936965
0.005571725050808189
0.005239113762003505
0.004917613326712505
0.004628613131481578
0.004344967073508647
0.004089179272925541
0.0038375428608020943
0.003612464964726363
0.003395412306291283
0.0031907819931135378
0.0029956933587357557
0.0028197313474308803
0.0026533828090947995
0.002493876226162732
0.002346186622583039
0.002200524317304135
0.0020731775905759296
0.0019496751976163778
0.0018313043653549728
0.0017216292584493465
0.0016174453053011944
0.001520318902892419
0.0014296271922817057
0.0013450189594778328
0.001263874848520223
0.0011880153544169532
0.0011156590848969954
0.0010473237103824347
0.0009858922012512526
0.000925725068080445
0.0008704755524334959
0.0008193480965218698
0.000770559503168093
0.0007242050280297492
0.0006803181572735669
0.0006397352025985501
0.0006012758168922036
0.0005635373262450602
0.0005307641337509979
0.0004993183313587709
0.00046937067405541797
0.00044082573439543774
0.00041492562512393386
0.0003901952423689666
0.00036676542916472125
0.0003446935716781272
0.0003240743933063103
0.0003046766146980448
0.0002863591259242556
0.00026899260079607377
0.00025289101967165687
0.00023757896318846026
0.00022130888928875573
0.00020992921196385925
0.00019753465007146662
0.00018546892477791364
0.00017445861299028443
0.0001637374990523229
0.00015422899962094636
0.00014495614085921333
0.00013624529070602038
0.0001279971065898652
0.0001203065738281369
0.00011305550851550681
0.00010637055603415622
9.995365399509256e-05
9.394605902604399e-05
8.828187228862437e-05
8.302483463187702e-05
7.803595172509024e-05
7.335363032159723e-05
6.89454847219425e-05
6.481521269710431e-05
6.08558131546518e-05
5.7180631679946893e-05
5.3820053702273365e-05
5.058444991026665e-05
4.757020026038692e-05
4.473863901357919e-05
4.2055877416706446e-05
3.9514646589160125e-05
3.7122858871944866e-05
3.489804193326637e-05
3.2834972864796614e-05
3.08458805961239e-05
2.899701726879886e-05
2.724928511246691e-05
2.561762561872758e-05
2.4069945341457983e-05
2.263738731902851e-05
2.127068617743664e-05
1.9999013873976596e-05
1.8766967316756395e-05
1.767145078593177e-05
1.6614670011043307e-05
1.561739299096718e-05
1.469036070181193e-05
1.3794325036590922e-05
1.296943977427265e-05
1.2198833226810456e-05
1.1461673524641644e-05
1.0774567934439178e-05
1.0133823502704507e-05
9.519016353513795e-06
8.949453958044448e-06
8.412034561948362e-06
7.91035036376417e-06
